	s1	s10	s11	s12	s13	s14	s15	s16	s17	s2	s3	s4	s5	s6	s7	s8	s9
0	100.0	0.0	0.0	0.0	0.0	0.0	0.0	0.0	0.0	0.0	0.0	0.0	0.0	0.0	0.0	0.0	0.0
1	0.6425041558317051	0.5004444930445694	0.6667611243679776	1.4692002400062678	2.1434483239654982	0.2696742951874013	0.5599870897417353	0.21934465956224244	0.15812582161527788	48.02135501807266	14.555810730730691	0.6708458401671843	12.771804741738173	7.268297145619333	0.19550055364658045	5.723902032436322	4.162993734266352
2	0.45550144231735745	1.0641083460699587	0.6708047357013694	1.4296967309355986	2.0802683039187615	0.27001692339412686	0.5177351372915503	0.21756383123351886	0.15980958869216055	35.36555677374525	27.405922680770637	0.7313911944471407	12.624731984965056	7.150110751152544	0.17817232032528812	5.813636116540181	3.8649731384994808
3	0.43769936377677493	1.5935083946091197	0.6733478020797534	1.389289085501492	2.0162428596898185	0.26978014745782886	0.4787163143049307	0.21538496153105044	0.16112892736147616	26.315103870913617	36.638852072496505	0.6917405590723356	12.45658332572043	7.021883185150144	0.16247157171168203	5.890117197726229	3.58815036089679
4	0.419262358934444	2.091324485319424	0.6751037442123026	1.3495230687188107	1.9536043853992213	0.26925441360417046	0.44318769614357256	0.21304574207536298	0.1622517160799166	19.932380734188587	43.223444165726264	0.6524007215789565	12.281190421882277	6.891454840561954	0.14841968922409732	5.959363707739126	3.3347881086114786
5	0.4057763097260749	2.56049611661282	0.676165224710473	1.3105230812243482	1.8925029674114333	0.2684780790603855	0.4108089110636554	0.2105769077425891	0.16319913602698863	15.33727460515679	48.0166199687774	0.6268782814458792	12.100287767063406	6.7597411209481395	0.13582363578926981	6.022102807766603	3.102745079473711
6	0.3947020781219568	3.0033532295358385	0.6767254359529972	1.2726454738151167	1.833433101492552	0.26752987594511	0.3814247155561922	0.20804188319553565	0.16401641021752011	12.075769220171944	51.4736345446421	0.6067873748624754	11.917518387269588	6.628753157689563	0.12457683792873941	6.079940747980112	2.8911475256226202
7	0.38590982086254216	3.422258682548838	0.6768806424564319	1.2360161402572891	1.776551276447743	0.26644891511258223	0.35479335475441126	0.20547115204865035	0.1647259963266443	9.7587428293849	53.97839605563512	0.5931429841457552	11.73459158552301	6.499389079857502	0.11454506854672018	6.133667997828618	2.6984684182632086
8	0.37904137166801855	3.81941948528786	0.676721928938431	1.2007471813574857	1.721994819076277	0.26527203176810266	0.33069347012359945	0.20289310527372836	0.165349227528912	8.104378633788025	55.81089652417693	0.584079839530854	11.553091365048289	6.372474248691638	0.10560771844206666	6.1840383735554445	2.5233006757442995
9	0.373400791900852	4.196875849578588	0.6763202522825584	1.1669042928533484	1.6698344351256935	0.2640277318991577	0.30891170570063137	0.20032911769142403	0.16590277426797861	6.915890968681103	57.16733029046251	0.5779227116881392	11.374190017933065	6.248598615057063	0.09765318295386748	6.2316413048252555	2.3642659570987283
10	0.3686636089918122	4.55646804292054	0.6757210209450256	1.1344965519373291	1.6200597011533489	0.2627340177961431	0.28924167581812127	0.19779182590013886	0.16639735161485847	6.064788845410761	58.1757367892477	0.5738506711183983	11.198549270826858	6.128061850260571	0.09057872235262845	6.276854839679832	2.2200052140258917
11	0.36459129178814814	4.899924532074164	0.6749617130583198	1.1035166884339793	1.5726372756328642	0.261405626674527	0.271485957117217	0.1952911614048867	0.16684183075675302	5.447558563313588	58.939357916152034	0.5711893990721176	11.026673575949903	6.011075215644965	0.08428791616371134	6.3199917960300604	2.0892095407327167
12	0.36101068767919836	5.228760449729755	0.6740669016950982	1.0739319238276854	1.5274984668922478	0.2600519836320752	0.2554659068544653	0.19283267213693173	0.16724208375225114	5.002136279549877	59.52030740243081	0.5695387527673764	10.85881331603276	5.897708067284953	0.07869669191142538	6.361258993169082	1.9706794206539575
13	0.35779548061476873	5.544387514817164	0.6730570446333528	1.0457026967296852	1.4845656856798852	0.2586808242646899	0.24101351505429527	0.1904205367025526	0.16760302612234693	4.678801004897084	59.96842748215524	0.5685797356091187	10.695140517981763	5.787987131859614	0.07372715111574572	6.400829484938298	1.8632811668243476
14	0.3548653792231894	5.84808989055225	0.6719481461503585	1.018782720353608	1.4437527960416427	0.2572980573302416	0.2279743388363468	0.18805746402407647	0.16792853854152132	4.441181739788173	60.32028747623509	0.5680807000551176	10.53574357941136	5.681894175442237	0.06930905773559666	6.438839830817862	1.7659661094612824
15	0.35215547783602735	6.141032768189381	0.6707528103973714	0.9931214175621491	1.404968625479411	0.25590819844719215	0.21620714767053073	0.18574505685651393	0.1682217123332137	4.263409866644216	60.60202448659459	0.5678778378277748	10.38064860087103	5.57937822235363	0.06537938598949272	6.475398815493281	1.6777695694541523
16	0.3496161241716565	6.424262318337536	0.6694807720399311	0.9686654027894579	1.3681191702150013	0.254514590083988	0.20558429162187256	0.18348400191661013	0.1684849727876384	4.128264967596931	60.831179012329805	0.5678630743843767	10.229830744733313	5.480362271397146	0.06188231737335944	6.510591825819804	1.59781414240153
17	0.3472169227157288	6.698710818617186	0.6681396335156746	0.9453603607872759	1.333110338597123	0.2531197069658076	0.19599152251603938	0.18127433096585327	0.16872025031175866	4.0245295429725845	61.019311903764496	0.5679671633703023	10.083229708451835	5.384752303499658	0.05876889899433676	6.544486912046113	1.5253096819081835
18	0.344937049413532	6.9652187689414005	0.6667358175873155	0.9231528027252951	1.2998503242881079	0.2517255481358677	0.18732575069935048	0.17911574304318395	0.1689292017410756	3.94406173573698	61.17491257999351	0.5681407839764003	9.940768327659708	5.292447575295404	0.05599567297770225	6.577142607305029	1.4595397104800922
19	0.3427575410908464	7.2245470144055455	0.6652749964729973	0.9019908300924251	1.2682506208995572	0.2503338136430219	0.17949374400311324	0.1770077496899865	0.1691133100421591	3.8805651696651546	61.304623760571964	0.5683464659898145	9.80236095102833	5.2033452354702705	0.053523900787307496	6.608611452102231	1.3998534440452288
20	0.3406630536640331	7.477384583374111	0.6637622020964282	0.8818242268908175	1.2382260887719265	0.2489459501366247	0.17241115697357984	0.17494971151063754	0.16927390971321685	3.8292084989082382	61.41361814528092	0.5685560910049049	9.66791548698023	5.117341370001813	0.05131903319833113	6.638940882972262	1.3456596085218817
21	0.33864336113575	7.724353378349806	0.6622018587673288	0.8626044546331709	1.209694909529903	0.2475631646294894	0.16600192298019575	0.17294084936142046	0.169412194197034	3.7864966216168168	61.50572546806376	0.568750082805791	9.537334019690329	5.034331294755503	0.04935038315070052	6.668173488810836	1.2964225475221232
22	0.3366905798081477	7.966013294169935	0.6605978805812657	0.8442847780576995	1.1825787256639224	0.24618646471855285	0.16019764456135988	0.17098027715536573	0.16952923843878692	3.750025178689438	61.58367793913111	0.568915819962166	9.410514676431907	4.954210548592396	0.04759079159939357	6.696347806539547	1.251658355898965
23	0.33479790392739645	8.202867876011943	0.658953782328083	0.8268204002009396	1.156802786686171	0.2448167043689566	0.1549369225919682	0.16906703897516906	0.16962602454230952	3.718157975590952	61.64943121176991	0.5690455417424344	9.28735373124292	4.876876003140812	0.04601626342063029	6.723499223849268	1.2109306096100962
24	0.332960332971493	8.435370115660541	0.6572727654817291	0.8101685218469522	1.1322959807133641	0.24345461942676727	0.1501646490896402	0.16720013726890326	0.16970346158565355	3.6897459518460467	61.70444303289442	0.5691345318708187	9.167747171578142	4.8022266495967765	0.04460559494877777	6.749660672356601	1.1738458108633374
25	0.3311741273821508	8.663927740606727	0.6555577822345278	0.7942883498179989	1.1089907938449466	0.24210085399070255	0.14583135473011458	0.16537855322678602	0.1697624003717454	3.6639506465966636	61.74984916938621	0.5691799743412963	9.05159180378487	4.730164120668262	0.04334003928910381	6.7748631427538415	1.1400491469740126
26	0.32943582413834566	8.888902306041176	0.6538115492047261	0.7791413298631106	1.0868236865244376	0.24075596749080933	0.141893319574664	0.1636012583458674	0.1698036364423164	3.640181999493698	61.786524551865355	0.5691805353923252	8.938786114619644	4.660593359724523	0.042203313088461016	6.79913580113612	1.1092254470543743
27	0.3277423504113261	9.110627323156308	0.6520366414062985	0.7646904205234788	1.0657337785308088	0.2394204698559697	0.13831030055956797	0.16186722453567326	0.1698279319027983	3.617961862137238	61.81522330743739	0.5691355256870465	8.82923012486824	4.593421747398051	0.04118058606681096	6.822506715764369	1.0810836897585796
28	0.3260911468851278	9.329403077030287	0.6502354626470059	0.7509003907822704	1.0456633699693478	0.23809481123696297	0.13504616982217546	0.16017542416922934	0.16983600838879997	3.596950009248578	61.83655096627257	0.5690450512697957	8.72282569774885	4.528559589401957	0.04025874453767393	6.845002624805823	1.0553614557835036
29	0.32448000430314305	9.545498354023692	0.6484102567976031	0.7377378269695237	1.0265579367649025	0.23677938698472237	0.1320686938220408	0.1585248347240362	0.16982854956853163	3.57691355521731	61.85099491949902	0.5689098142231164	8.619476809969054	4.465920259182961	0.03942627853652518	6.866649023429249	1.0318234959845218
30	0.32290695396547964	9.75915408433999	0.6465631273956284	0.7251710407900079	1.008365951855483	0.23547454555044783	0.12934907355445932	0.1569144432895944	0.16980620559778412	3.5576898425395758	61.8589619247677	0.5687308775169078	8.519089719581306	4.40542018166948	0.038673068229440354	6.887470314318426	1.0102586450382498
31	0.32137021156306017	9.970586752664914	0.644696053685647	0.71316996768688	0.9910386932427281	0.234180594872426	0.12686151390886805	0.1553432496800913	0.16976959675563996	3.539160337383277	61.860804681313965	0.5685095016402406	8.421573049064438	4.346978766615287	0.03799018774975621	6.907489929093265	0.9904769130794742
32	0.3198681390243698	10.179991155089319	0.6428109018959833	0.7017060779260551	0.9745300780553237	0.23289780685950212	0.12458287534349156	0.15381026836459827	0.16971931598035633	3.5212355238394246	61.85683737456218	0.5682470513855944	8.32683781621062	4.290518331387538	0.03736974891129383	6.926730411945066	0.9723071232192413
33	0.31839921754479344	10.387542652621503	0.6409094334361526	0.6907522986387796	0.9587965183410507	0.23162642064794664	0.12249238933647066	0.15231452967599246	0.1696559306960075	3.503846370620476	61.84734460925362	0.5679449444229829	8.234797435643662	4.235964021616801	0.03680477557401625	6.945213479040854	0.9555949728888504
34	0.31696202968926646	10.593399111391923	0.6389933115241403	0.680282941893657	0.9437967890031427	0.23036664522399117	0.12057141390234745	0.15085508062800365	0.16957998428016213	3.4869389680854894	61.83258714692441	0.5676046200639296	8.145367703822899	4.183243730082282	0.03628909743903542	6.962960065689717	0.9402013603555552
35	0.31555524652657296	10.797702635064685	0.6370641070182961	0.6702736361273899	0.9294919026982699	0.22911866171586423	0.11880321593178114	0.1494309855076179	0.16949199735240403	3.4704706937540144	61.81280610033328	0.5672275177542729	8.05846677394189	4.132288013813923	0.035817256943147385	6.9799903674240324	0.9260008880925079
36	0.3141776122618914	11.000582037659415	0.6351233092895507	0.6607011803605141	0.9158448549482671	0.22788262711239082	0.11717266566939567	0.14804132518043	0.1693924703261724	3.4544067725217538	61.788227233690414	0.5668150624377676	7.974014975315054	4.083029845280925	0.03538438635155019	6.996323922067168	0.9128797195272959
37	0.31282794360193145	11.202152845715098	0.6331723231192169	0.6515435942758072	0.9028207032126546	0.22665867370480178	0.11566623162304368	0.1466851987849665	0.16928188253146856	3.438719173682739	61.75906168879793	0.566368654218219	7.891934971901385	4.035404753511332	0.03498619902677366	7.011979580290678	0.9007355820019067
38	0.31150512633983024	11.402517855332151	0.63121246802484	0.6427801337717306	0.8903865856497845	0.22544690936450054	0.11427190731210152	0.14536172524941307	0.16916069190189711	3.4233850536479404	61.72550736671756	0.5658896568462884	7.81215187758947	3.989350906134988	0.03461895404864035	7.026975494127153	0.8894772879416597
39	0.3102081025287444	11.60176958796523	0.6292449900518561	0.6343911237311186	0.8785114317556049	0.22424742142241275	0.11297891066355269	0.14407004195918793	0.16902933777562826	3.40838473189687	61.68775195859821	0.5653793934397717	7.734593014823283	3.9448088046426744	0.034279339888418824	7.041329206860939	0.879022601996441
40	0.30893586415156576	11.79999166948067	0.6272710676670243	0.6263578731039913	0.8671658136574295	0.2230602787297175	0.11177751469661361	0.14280930438576495	0.16888824225216592	3.393700727668309	61.64597439740025	0.5648391445322849	7.659187812835153	3.9017211417560804	0.03396440847045686	7.055057695952192	0.8692970432602729
41	0.30768744953731497	11.997259738927072	0.6252918155068807	0.6186626193243651	0.8563218483546404	0.22188553301084785	0.1106589362162928	0.14157868592632192	0.16873781103744068	3.3793173448221183	61.600345583899575	0.5642701481052775	7.585867746759148	3.8600327113607196	0.033671532394710844	7.068177399422295	0.8602330953949255
42	0.30646194157640905	12.193642007107343	0.6233082862352237	0.6112884998200947	0.8459531462172312	0.2207232196401337	0.1096152671727307	0.14037737807763712	0.16857843382435686	3.3652204731680557	61.551028725044866	0.5636735995280926	7.514566323643015	3.819690372217167	0.033398378399945985	7.080704227140508	0.851769721187136
43	0.3052584656034716	12.389199850674018	0.6213214728140888	0.6042195176844541	0.8360347498678358	0.21957335852976093	0.10863940202163663	0.1392045904924151	0.16841048477894824	3.351397351087389	61.49817975030278	0.5630506515884788	7.445219055101446	3.780642998059641	0.03314287970723549	7.092653575567882	0.8438518461184654
44	0.3040761869283349	12.58398845328688	0.6193323112283428	0.5974405008420294	0.8265430622816383	0.2184359551423682	0.1077249596520963	0.13805955091262556	0.16823432314152337	3.3378363009444643	61.44194779851722	0.562402414722433	7.377763415677455	3.742841412903226	0.03290320666972963	7.104040346253148	0.8364298008964346
45	0.3029143084073802	12.77805741970593	0.6173416833275156	0.5909370594573383	0.8174557724073568	0.21731100150990665	0.10686620894770672	0.13694150499886204	0.16805029386564063	3.3245265103721406	61.382475675073664	0.5617299576776991	7.31213879254395	3.706238319538877	0.03267773922480812	7.114878965642703	0.829458787298471
46	0.3017720681193468	12.971451370918215	0.6153504197031143	0.5846955426307954	0.8087517798004376	0.21619847725451566	0.10605799689973323	0.13584971612108382	0.1678587282675593	3.311457861285742	61.31990026706691	0.5610343085331161	7.248286431884164	3.670788225322479	0.03246504064076725	7.125183405216653	0.8228983603353119
47	0.300648737005371	13.16421055796424	0.6133593028134035	0.5787029911458655	0.8004111126580455	0.21509835068957586	0.10529567481206267	0.1347834650983777	0.1676599447323854	3.2986208017981	61.254352938945104	0.5603164561957873	7.186149378087542	3.636447359732153	0.03226383104965498	7.134967203343162	0.8167118939291148
48	0.29954361746143415	13.356371227435154	0.611369069033153	0.5729471063345419	0.7924148741258702	0.21401057953309494	0.10457505475249118	0.13374204999191375	0.16745424917842666	3.286006311711608	61.1859597447335	0.5595773517195876	7.125672431090789	3.603173618376907	0.03207297235419968	7.1442434796118786	0.8108662625553918
49	0.2984560418345175	13.547965996132325	0.6093804108363667	0.5674162170398164	0.7847451854440799	0.21293511166418774	0.10389236504045846	0.1327247858733158	0.16724193555219477	3.273605860796264	61.11484165902542	0.5588179096770183	7.066802100176644	3.5709265029523083	0.03189145294854979	7.1530249501055865	0.805331514900887
50	0.2973853711351906	13.739024156655706	0.6073939786697783	0.5620992514163184	0.7773851375748689	0.21187188576621013	0.10324421406199828	0.1317310046079831	0.16702328625490304	3.261411367194497	61.041114781447845	0.558039009302815	7.009486563132043	3.5396670690920717	0.0317183754276713	7.161323940568594	0.8000806076914476
51	0.296330993305898	13.929572082483928	0.6054103834415786	0.5569856995806652	0.770318727171881	0.21082083217736058	0.10262754226268687	0.13076005456005696	0.16679857271050175	3.249415132846906	60.96489061782472	0.5572414959551881	6.953675611604978	3.5093578569872146	0.03155294020827971	7.169152403972491	0.79508905290561
52	0.2952923222287309	14.119633447027564	0.6034301979894423	0.552065591672061	0.7635308191766057	0.2097818733831242	0.10203959635722998	0.12981130039079156	0.1665680557032184	3.237609816986048	60.88627623580225	0.5564261820633478	6.89932061698121	3.4799628493787482	0.031394436931547844	7.176521930969241	0.7903347269587844
53	0.2942687963113278	14.309229535421274	0.6014539592330111	0.5473294656770553	0.7570070920474177	0.20875492473578128	0.10147789273216513	0.12888412275322944	0.16633198587285075	3.2259884073527205	60.80537448345695	0.5555938485859147	6.846374479633153	3.4514474094966334	0.031242232408918075	7.1834437652208365	0.785797599060709
54	0.29325987726687097	14.498379499805766	0.5994821700728364	0.5427683391703164	0.7507339898551844	0.20773989508132645	0.10094018767176607	0.1279779179987648	0.16609060415361113	3.2145442007769436	60.722284177117295	0.5547452463435764	6.794791582497159	3.423778225384525	0.031095761038706368	7.1899288169863	0.7814595087790068
55	0.29226504906336037	14.68710056355427	0.5975153010400602	0.5383736849358962	0.7446986811516065	0.20673668729569566	0.10042445369447926	0.127092097898208	0.16584414215760426	3.203270786867823	60.63710026484842	0.5538810971875167	6.744527749149171	3.3969232606970303	0.030954517359957027	7.195987675008217	0.7773039880906378
56	0.2912838169461931	14.875408200913993	0.5955537918370993	0.5341374083386682	0.738889020927076	0.20574519877914976	0.09992885882841826	0.12622608936376736	0.16559282253477017	3.192162031945446	60.549913980630784	0.5530020950906966	6.6955402035107685	3.370851708177187	0.030818049621904542	7.201630617683806	0.7733161048702264
57	0.2903157064881944	15.063316305327943	0.5935980528422499	0.5300518253249288	0.733293513721734	0.20476532193432914	0.09945174724721759	0.12537933416479097	0.16533685932575212	3.181212063570619	60.460812995232985	0.5521089072193872	6.647787529674942	3.3455339438155542	0.030685953827309168	7.206867624027311	0.7694823162547034
58	0.2893602627128315	15.25083733894704	0.5916484665068508	0.5261096420830726	0.7279012796110171	0.2037969446056665	0.09899162212645664	0.1245512886516121	0.16507645829083573	3.1704152571897617	60.36988155582236	0.5512021749390155	6.601229633808929	3.3209414838855116	0.03055786851551326	7.21170838389848	0.7657903384049959
59	0.2884170491735928	15.437982483465206	0.58970538883033	0.5223039336621568	0.7227020185418858	0.20283995053867937	0.09854712841066092	0.12374142345151976	0.16481181725852267	3.159766222900716	60.27720063302044	0.5502825148860229	6.55582770312352	3.2970469391777044	0.030433469581630256	7.21616230885121	0.7622290151261494
60	0.2874856470675974	15.624761776707604	0.5877691507896949	0.518628123383324	0.7176859761222536	0.2018942198185418	0.09811703729433895	0.12294922315661	0.164543126465198	3.1492597933031123	60.18284806347664	0.5493505200170754	6.511544164978721	3.2738239700873923	0.030312465697498306	7.220238542719323	0.7587881989150258
61	0.28656565450558646	15.811184216492554	0.5858400595247908	0.5150759659108651	0.7128439156260872	0.2009596292267727	0.09770023450602949	0.12217418604663782	0.16427056883877164	3.1388910138080117	60.08689866848136	0.5484067604879945	6.468342651800928	3.2512472488016053	0.030194594937209943	7.22394597047252	0.7554586605322298
62	0.28565668582012527	15.99725785404555	0.58391839946415	0.5116415312660874	0.7081670916411266	0.20003605257543156	0.09729570981530994	0.12141582381394014	0.16399432026947258	3.1286551334174413	59.989424367173335	0.5474517844929182	6.426187967010591	3.229292423026687	0.030079621794876922	7.227293226683197	0.7522320076897167
63	0.2847583708697221	16.182989885336085	0.5820044334578167	0.5083191888016589	0.7036472237007448	0.19912336104037404	0.09690254679125322	0.12067366127919989	0.16371454988324224	3.118547595416601	59.89049429083	0.5464861191114272	6.385046050274082	3.2079360792771277	0.02996733428739568	7.230288704083227	0.7491006055599998
64	0.28387035434390484	16.368386739125814	0.5800984039103836	0.5051035912402486	0.6992764700800114	0.1982214234910763	0.09651991295620246	0.11994723609842624	0.16343142031624122	3.1085640281932005	59.79017489746156	0.5455102711601215	6.344883942201876	3.1871557059018496	0.029857541191722018	7.232940562165362	0.7460575001619567
65	0.28299229510671514	16.55345415523256	0.5782005338544868	0.5019896596491629	0.6950474032154664	0.1973301067980872	0.09614705108058694	0.11923609847262183	0.16314508797645005	3.0987002367423773	59.688530080768565	0.5445247280056981	6.305669750101528	3.166929657675744	0.029750069644774564	7.235256735393866	0.7430963502812663
66	0.28212386559007546	16.73819725161572	0.5763110279451297	0.4989725696293174	0.6909529872057132	0.19644927611225985	0.09578327177168779	0.11853981086497983	0.16285570328766186	3.0889521949284173	59.58562127158306	0.5435299583243638	6.26737261538521	3.147237122594067	0.02964476314527414	7.237244940877831	0.7402113691391938
67	0.28126475122546496	16.92262058323693	0.57443007339217	0.4960477384526318	0.6869865569342546	0.19557879512181844	0.0954279470075499	0.11785794772389004	0.162563410919786	3.079316038250526	59.48150753354726	0.542526412818968	6.229962682271168	3.1280580903935413	0.029541479841179694	7.238912685628054	0.7373972732347631
68	0.2804146498461362	17.106728201142666	0.5725578409410509	0.4932108116073049	0.6831417962924279	0.19471852631859893	0.09508050366883433	0.11719009518173527	0.16226835003237344	3.0697880562174626	59.37624566425852	0.5415145249773589	6.19341106425742	3.109373319169113	0.02944009083318291	7.240267274243499	0.7346492310122722
69	0.2795732712727005	17.290523690839642	0.5706944855520648	0.49045765354943116	0.6794127232691236	0.19386833117831662	0.0947404193569067	0.11653585083649874	0.16197065444460917	3.060364687071912	59.26989026582431	0.540494711601965	6.157689820301534	3.0911643119821606	0.02934047909155796	7.241315814290234	0.7319628295369875
70	0.2787403367741817	17.474010221552263	0.568840147283774	0.48778433569028945	0.6757936705976917	0.19302807039401762	0.094407217032729	0.11589482346537762	0.16167045285671874	3.0510425109660266	59.1624938367107	0.539467373499837	6.122771923696112	3.0734132863715433	0.02924253807358474	7.242065223310501	0.729334031724607
71	0.27791557854842924	17.657190590907835	0.566994952144427	0.4851871248907463	0.6722792672816842	0.1921976040967752	0.09408046017880273	0.11526663273858109	0.16136786906472997	3.041818243409335	59.054106860765614	0.5384328961523229	6.088631231445364	3.0561031446847	0.029146170496033373	7.242522235635242	0.7267591375593362
72	0.2770987392609796	17.840067261503002	0.5651590128467525	0.48266247334489937	0.668864422422806	0.19137679204621202	0.09375974886754114	0.11465090895356102	0.16106302215252094	3.0326887294702516	58.94477788676404	0.5373916503141992	6.055242456379059	3.039217447442489	0.02905128735853041	7.242693408492947	0.7242347523801688
73	0.27628957162200607	18.022642392155316	0.5633324294991862	0.4802070093822993	0.6655443105743127	0.19056549380066765	0.09344471642065966	0.11404729278165159	0.16075602666910682	3.023650938464636	58.8345536017957	0.5363439925669279	6.022581141007283	3.0227403886745683	0.028957807127891373	7.242585127663638	0.7217577597941052
74	0.2754878379791636	18.204917866540164	0.5615152902698051	0.4778175286789976	0.6623143577846887	0.18976356887744886	0.09313502635911729	0.11345543501744211	0.1604469927999952	3.014701958849063	58.72347890216868	0.5352902658535172	5.99062363196713	3.0066567720322284	0.028865655000770776	7.24220361295511	0.7193252968666262
75	0.27469330992091484	18.386895319909943	0.5597076720318147	0.4754909857516747	0.6591702281246228	0.18897087690574968	0.09283036956603384	0.11287499632864091	0.16013602653475104	3.005838993251429	58.61159696271865	0.5342308000016563	5.95934705478856	2.990951987390925	0.028774762223455905	7.2415549235685575	0.7169347309825669
76	0.2739057678940988	18.568576163580452	0.5579096409843693	0.4732244858182409	0.6561078108309679	0.18818727777060418	0.09253046169669177	0.11230564700848285	0.15982322982921604	2.99705935368662	58.49894930387858	0.5331659122302739	5.928729289200947	2.975611988157962	0.028685065477611408	7.240644963304491	0.7145836386503335
77	0.27312500083893243	18.749961606978033	0.5561212532434314	0.47101527709454893	0.6531232081781038	0.18741263174654835	0.09223504085727227	0.11174706673260429	0.15950870076103568	2.9883604569963955	58.38557585595286	0.532095907635312	5.898748945179959	2.960623269473887	0.028596506336985485	7.239479485566224	0.7122697864278172
78	0.27235080584135735	18.931052677417945	0.5543425554027586	0.4688607435216802	0.6502127240643184	0.18664679962120673	0.09194386553225224	0.11119894432084187	0.15919253367845945	2.9797398205109826	58.27151502058486	0.531021079654589	5.869385339761799	2.945972847318125	0.02850903078876444	7.238064098159393	0.7099911138206217
79	0.27158298780107354	19.111850237936892	0.5525735850677083	0.466758397882427	0.6473728532427578	0.18588964280973994	0.09165671272380813	0.11066097750363836	0.15887481934302156	2.9711950579104704	58.156803729673214	0.5299417105136288	5.8406184745643825	2.9316482384413214	0.028422588809042533	7.236404267906155	0.7077457178706763
80	0.270821359113822	19.292355003446737	0.550814371364207	0.46470587527099183	0.6446002711358102	0.18514102346096692	0.09137337627309981	0.11013287269277112	0.1585556450666309	2.9627238752673746	58.04147750195856	0.5288580716540932	5.812429013962063	2.917637441056418	0.02833713398392892	7.234505325090297	0.7055318392021902
81	0.2700657393671345	19.472567555382042	0.5490649354241717	0.46270092689505254	0.6418918241968298	0.18440080455566096	0.09109366534395173	0.10961434475637026	0.1582350948433457	2.95432406726016	57.92557049739668	0.5277704241456684	5.7847982638921085	2.9039289162542743	0.028252623170862624	7.232372467741565	0.7033478493740822
82	0.26931595504907707	19.652488354968284	0.5473252908481772	0.4607414141965056	0.6392445207949895	0.18366884999737	0.09081740305461214	0.10910511679831006	0.15791324947598817	2.9459935135513984	57.809115569384225	0.5266790190818842	5.757708151285758	2.8905115701255197	0.028169016196173693	7.230010765763748	0.7011922394279301
83	0.2685718392694972	19.832117755231724	0.5455954441461924	0.4588253032769398	0.6366555225987675	0.18294502469611548	0.09054442524398648	0.10860491994203429	0.1575901866977638	2.937730175324058	57.69214431490668	0.5255840979603696	5.731141204114796	2.8773747365688336	0.028086275585161934	7.22742516491136	0.6990636095256716
84	0.26783323149320454	20.01145601187282	0.5438753951573486	0.4569506596121508	0.634122136430884	0.18222919464535828	0.09027457935870768	0.10811349311881986	0.1572659812890854	2.9295320919684302	57.57468712269291	0.5244858930481656	5.7050805320389175	2.8645081607606975	0.028004366321001825	7.224620490620887	0.6969606595705644
85	0.26709997728450124	20.190503293117757	0.5421651374497336	0.4551156430398124	0.6316418065673665	0.18152122699262005	0.09000772344829219	0.10763058286045459	0.15694070518981096	2.921397377912093	57.45677321946451	0.5233846277327402	5.6795098076369	2.8519019832600914	0.027923255629073447	7.221601451702834	0.6948821807113625
86	0.26637192806251764	20.36925968864962	0.5404646587011417	0.4533185030055044	0.6292121074553467	0.1808209901041245	0.08974372525713901	0.10715594309630208	0.1566144276070921	2.913324219585876	57.338430714362204	0.5222805168593146	5.65441324820536	2.839546724723084	0.027842912783770574	7.218372643900466	0.6928270476410875
87	0.26564894086685903	20.547725217708145	0.5387739410616362	0.45155757405353625	0.6268307368263735	0.18012835362379379	0.08948246140356499	0.10668933495472906	0.15628721511901217	2.9053108725194265	57.21968664162491	0.5211737670550567	5.629775598110099	2.8274332712042383	0.027763308935255533	7.214938553320588	0.6907942116127326
88	0.2649308781331005	20.725899836437506	0.5370929614987296	0.44983127154989183	0.624495509183592	0.17944318852691604	0.08922381663716952	0.10623052656886867	0.15595913177418344	2.897355658560417	57.10056700159224	0.5200645770406647	5.60558211167571	2.8155528600229864	0.027684416953946536	7.211303559741381	0.6887826941026526
89	0.2642176074776898	20.903783444553966	0.535421692125953	0.4481380876252351	0.6222043496422617	0.1787653671687841	0.08896768316667755	0.10577929288668758	0.15563023918746566	2.889456963211722	56.981096800098705	0.5189531379298455	5.581818536599259	2.803897066173822	0.027606211290767162	7.207471939802159	0.6867915810589527
90	0.2635090014918344	21.08137589139867	0.5337601005155606	0.4464765873264688	0.6199552881040928	0.17809476332859292	0.08871396005116881	0.10533541548531858	0.15530059663196308	2.8816132330811453	56.86130008632529	0.5178396335171755	5.558471097873863	2.7924577892597022	0.027528667851401505	7.203447870079686	0.6848200176780183
91	0.2628049375439718	21.258676981434476	0.5321081499960805	0.4448454049659186	0.6177464537469268	0.17743125224886855	0.08846255264831857	0.10489868238961571	0.15497026112745063	2.873822973438545	56.74119998917154	0.5167242405548101	5.535526482208219	2.781227240928763	0.027451763882997977	7.199235430055583	0.6828672036578709
92	0.2621052975904398	21.435686479239898	0.5304657999353929	0.44324324065780535	0.61557606981234	0.1767747106706879	0.08821337211394081	0.10446888789488593	0.1546392875253734	2.8660847458754812	56.620818752208386	0.5156071290184913	5.512971822928427	2.770197932795197	0.027375477871947176	7.194838604979074	0.680932388882194
93	0.2614099679939854	21.612404114047855	0.528833006009983	0.44166885703222786	0.6134424486747478	0.1761250168649344	0.08796633494772155	0.10404583239374789	0.15430772859055703	2.8583971660627636	56.50017776726933	0.514488462363279	5.4907946853487095	2.7593626648258747	0.027299789451520114	7.1902612886292	0.6790148694935233
94	0.2607188393497656	21.78882958387224	0.5272097204609896	0.4401210761174016	0.6113439871765084	0.17548205065982314	0.08772136258055652	0.10362932220706607	0.15397563507976114	2.8507589016015173	56.37929760673502	0.5133683977694201	5.468983052597966	2.7487145141749973	0.027224679318293057	7.185507285980407	0.6771139843182207
95	0.26003180631851464	21.96496255926115	0.5255958923376399	0.4385987763813813	0.609279162214389	0.1748456934649159	0.08747838099937598	0.10321916941890578	0.15364305581720175	2.8431686699635916	56.25819805456392	0.5122470863787427	5.44752531188932	2.7382468244497047	0.027150129156407587	7.180580315775262	0.6752291116095288
96	0.25934876746656255	22.1408026867118	0.5239914677286388	0.437100889924959	0.6072465265635679	0.17421582829183646	0.08723732040575927	0.10281519171545231	0.15331003776716381	2.8356252365173558	56.13689813611952	0.5111246735219559	5.426410241220123	2.7279531953901883	0.02707612156882292	7.175484013007919	0.67335966607832
97	0.2586696251124088	22.316349591778756	0.5223963899820505	0.4356263998178637	0.605244704926114	0.1735923397718853	0.08699811490501892	0.10241721222783552	0.15297662610381993	2.8281274126351095	56.01541614684257	0.5100012989372152	5.4056269964901	2.717827472948483	0.027002640014813426	7.170221931321757	0.6715050961841441
98	0.25799428517956696	22.49160288190396	0.5208105999141934	0.434174337570807	0.6032723901916186	0.1729751141707427	0.08676070222277406	0.10202505937879981	0.1526428642783664	2.8206740538785238	55.893769679814476	0.5088770969802989	5.385165099025678	2.7078637397506826	0.026929668753049446	7.1647975453245225	0.6696648816618824
99	0.2573226570554098	22.666562148994394	0.5192340360080396	0.4327437807363096	0.6013283398983352	0.1723640394004398	0.08652502344633613	0.10163856673315755	0.1523087940835828	2.8132640582586963	55.77197565225636	0.5077521968267275	5.365014423498714	2.698056305927911	0.026857192789674536	7.159214252824118	0.6678385312617426
100	0.2566546534557575	22.841226971770567	0.5176666346015933	0.4313338506316199	0.5994113728838388	0.17175900502876693	0.08629102278850245	0.10125757285196317	0.1519744557159176	2.8058963645675763	55.65005033100612	0.5066267226661444	5.345165186228193	2.688399700301919	0.026785197830858667	7.153475376988094	0.6660255806825162
