	II	IIa	M	P2
0	1.0	0.0	0.0	0.0
1	0.9559101468276654	0.0019278596356408996	0.042073999798500725	8.799373819318546e-05
2	0.9137638118980344	0.0073912441792257045	0.07867285507751849	0.00017208884522174072
3	0.8734773034704677	0.015932783008270272	0.11033746031304374	0.0002524532082186036
4	0.8349677851500895	0.02712916959390354	0.1375737922575427	0.00032925299846457527
5	0.7981563103528813	0.04059769918542471	0.16084334387748472	0.00040264658420966463
6	0.7629677128994701	0.0559969146046512	0.18056258774573528	0.00047278475014391017
7	0.7293304144534963	0.07302377091486953	0.19710600354795507	0.0005398110836794975
8	0.6971760594233698	0.09140820629642198	0.2108118715728642	0.0006038627073444361
9	0.6664392979695852	0.11090919783945931	0.22198643347688204	0.0006650707140737972
10	0.6370576438705864	0.1313118173955323	0.2309069782815483	0.0007235604523333532
11	0.6089713560123142	0.15242478000156345	0.237824412222269	0.000779451763853682
12	0.5821233241109609	0.1740782378260258	0.2429655788501413	0.0008328592128723849
13	0.5564589556159368	0.19612174618877382	0.24653540588228093	0.0008838923130087764
14	0.5319260653094566	0.2184223917400922	0.2487188872017224	0.0009326557487291088
15	0.5084747690216006	0.24086308173416004	0.24968289965568366	0.0009792495885560775
16	0.4860573819742066	0.26334098771492903	0.24957786082187192	0.0010237694889928092
17	0.46462832170953894	0.28576613230610237	0.24853923909510933	0.0010663068892497046
18	0.44414401537522097	0.3080601065039942	0.24668892892355268	0.0011069491972325372
19	0.4245628111267552	0.3301549054903825	0.244136503415592	0.001145779967270598
20	0.40584489344110247	0.35199187215198374	0.24098035533691495	0.0011828790699991852
21	0.3879522021615193	0.37352073860981955	0.2373087363739044	0.0012183228547571203
22	0.3708483551090663	0.39469875699783113	0.23320070358827352	0.001252184304829461
23	0.3544985741048543	0.4154899115216095	0.22872698118768842	0.0012845331858482103
24	0.33886961425351575	0.43586420452588853	0.22395074503294524	0.0013154361876509496
25	0.3239296963444278	0.45579700993248456	0.21892833666320285	0.001344957059885206
26	0.3096484422332708	0.4752684879904764	0.2137099130346191	0.001373156741634213
27	0.29599681307249304	0.494263055812216	0.20834003762996373	0.001400093485327712
28	0.28294705026505323	0.5127689086552735	0.202858218104484	0.0014258229751898121
29	0.27047261902136566	0.530777587354804	0.19729939518336617	0.001450398440464777
30	0.25854815440467704	0.5482835877164711	0.19169438711520148	0.0014738707636509723
31	0.24714940975516722	0.5652840080502816	0.18607029361058877	0.001496288583963052
32	0.23625320738790226	0.5817782313635909	0.18045086285227474	0.001517698396232754
33	0.2258373914643921	0.5977676390399481	0.17485682485021103	0.0015381446454494055
34	0.215880782941924	0.6132553531119301	0.16930619412901413	0.0015576698171323752
35	0.20636313650906768	0.6282460044930064	0.16381454447420732	0.0015763145237192263
36	0.19726509941978704	0.6427455247679064	0.15839525822516198	0.0015941175871452315
37	0.18856817214245328	0.656760959354883	0.1530597523848822	0.0016111161177821635
38	0.1802546707437453	0.6703003000484514	0.14781768361790706	0.0016273455898968704
39	0.17230769093095008	0.6833723351292651	0.1426771340260024	0.0016428399137830695
40	0.16471107367954865	0.6959865153902518	0.1376447794254872	0.0016576315047130308
41	0.15744937237619633	0.7081528345763297	0.13272604169862523	0.0016717513488493517
42	0.150507821410287	0.7198817228702	0.12792522665326272	0.0016852290662508463
43	0.1438723061502374	0.7311839521799935	0.12324564869866901	0.001698092971100661
44	0.13752933424344202	0.74207055209698	0.11868974353029961	0.0017103701292790834
45	0.13146600818154175	0.7525527354940632	0.11425916991099773	0.0017220864133981083
46	0.1256699990752216	0.7626418328292559	0.10995490154011354	0.001733266555409667
47	0.12012952158521217	0.7723492343035379	0.10577730991435623	0.0017439341968944913
48	0.11483330995852091	0.7816863391001704	0.10172623900417559	0.0017541119371338662
49	0.10977059512116634	0.7906645110033342	0.09780107249643817	0.0017638213790620182
50	0.1049310827808366	0.7992950397584634	0.09400079428750825	0.0017730831731925779
51	0.10030493249494733	0.8075891075954285	0.09032404285001663	0.0017819170596084337
52	0.09588273766153664	0.8155577603892706	0.08676916004109328	0.0017903419081003577
53	0.09165550639231189	0.8232118829819616	0.0833342348691915	0.0017983757565360197
54	0.08761464322895611	0.8305621782330864	0.08001714269042105	0.0018060358475374058
55	0.08375193166551702	0.8376191494077944	0.07681558026314833	0.0018133386635412218
56	0.08005951744134045	0.8443930855471835	0.07372709705116337	0.0018202999603135711
57	0.07652989257057667	0.8508940494998043	0.07074912313063289	0.0018269347989870522
58	0.07315588007578609	0.857131868323467	0.06787899402406244	0.0018332575766854219
59	0.06993061939460225	0.863116125794289	0.06511397275531172	0.0018392820557980932
60	0.0668475524297788	0.8688561567851599	0.06245126939309836	0.0018450213919639922
61	0.06390041021425506	0.8743610432987599	0.05988805832616454	0.0018504881608216775
62	0.06108320016412581	0.8796396119611328	0.057421493491162386	0.0018556943835801134
63	0.058390193893595746	0.8847004328007917	0.05504872175415162	0.0018606515514620905
64	0.05581591556714242	0.8895518191555629	0.05276689462822575	0.0018653706490699977
65	0.05335513076520321	0.894201828565041	0.050573178493035414	0.0018698621767214553
66	0.051002835840746545	0.8986582645207376	0.04846476346671667	0.0018741361718002244
67	0.048754247745085307	0.902928678958921	0.046438871066828945	0.00187820222916581
68	0.04660479430224489	0.9070203753928513	0.04449276078424158	0.0018820695206632535
69	0.044550104912110096	0.9109404125917445	0.04262373568237357	0.001885746813772788
70	0.04258600166344721	0.9146956087234303	0.040829147123686196	0.0018892424894372767
71	0.04070849083873077	0.9182925458864013	0.039106398715765156	0.0018925645591036837
72	0.03891375479350139	0.9217375749648633	0.03745294956062301	0.0018957206810132287
73	0.03719814419374249	0.9250368207475552	0.03586631688292986	0.0018987181757733494
74	0.035558170595491774	0.928196187257595	0.03434407810567102	0.001901564041243135
75	0.03399049935159915	0.931221363246467	0.03288387243517222	0.0019042649667624977
76	0.03249194283120807	0.9341178278105703	0.031483402011468514	0.0019068273467540162
77	0.03105945393817301	0.9368908560935333	0.030140432674569503	0.001909257293725106
78	0.029690119915233862	0.9395455250418263	0.028852794392243673	0.0019115606506969586
79	0.028381156421348804	0.9420867191851019	0.027618381390464627	0.0019137430030855178
80	0.027129901870142845	0.9445191364162077	0.026435152023591663	0.0019158096900586546
81	0.02593381201796007	0.9468472937489874	0.025301128417660735	0.0019177658153926328
82	0.02479045479051521	0.94907553303483	0.0242143959168056	0.0019196162578499377
83	0.023697505337625244	0.951208026621493	0.023173102359783045	0.001921365681099575
84	0.022652741305965614	0.9532487829400227	0.02217545721081253	0.001923018543200007
85	0.021654038320238805	0.9552016520076636	0.02121973056643447	0.00192457910566401
86	0.020699365663567004	0.9570703308364905	0.02030425205781949	0.0019260514421238842
87	0.019786782148325462	0.9588583687391584	0.019427409665902385	0.0019274394466146367
88	0.018914432169020553	0.960569172524638	0.01858764846485026	0.0019287468414919801
89	0.018080541929186605	0.9622060115781264	0.017783469307686532	0.0019299771850012444
90	0.017283415834629473	0.963772022820493	0.017013427466365683	0.0019311338785125965
91	0.016521433045683008	0.9652702155436674	0.016276131237213037	0.0019322201734372749
92	0.01579304418146798	0.9667034761192976	0.015570240521396269	0.0019332391778389072
93	0.015096768169451996	0.9680745725788267	0.01489446538896871	0.0019341938627533489
94	0.014431189233904509	0.9693861590638585	0.014247564634007856	0.0019350870682298964
95	0.01379495401712333	0.9706407801463155	0.013628344327455705	0.0019359215091061604
96	0.0131867688275791	0.9718408750184516	0.013035656373441576	0.001936699780528336
97	0.012605397009382235	0.9729887815532658	0.012468397074124431	0.0019374243632281007
98	0.012049656427723515	0.9740867402362872	0.01192550570742308	0.0019380976285668647
99	0.011518417065175349	0.975136897970066	0.011405963121401737	0.001938721843357636
100	0.01101059872396612	0.976141311753021	0.010908790348539279	0.001939299174474297
