	s1	s10	s11	s12	s13	s14	s15	s16	s17	s2	s3	s4	s5	s6	s7	s8	s9
0	100.0	0.0	0.0	0.0	0.0	0.0	0.0	0.0	0.0	0.0	0.0	0.0	0.0	0.0	0.0	0.0	0.0
1	0.6063839949729696	0.4646770085889387	1.7461819161919352	3.1202556152914953	7.741651436404668	0.21397797468330812	1.2712123614200037	0.3258295615915473	0.10551911083102204	30.579230227349992	4.04402640674457	0.30791354668831206	25.91182076715587	12.314683701252072	0.18114424135657176	6.610167786329648	4.455324343147126
2	0.3801539640148974	1.0037101001916333	1.7027925903929548	3.1178053114685302	7.419103093769008	0.21499289060159613	1.1972579228756643	0.32434718734475443	0.10722758581370165	26.746374080698036	8.279703972412147	0.519365150911168	25.786446892343204	12.113651552882533	0.17309473314560392	6.631883237020819	4.282089734113781
3	0.38485497612715974	1.525060208005185	1.6584474994653315	3.1098418053870267	7.104280887090855	0.21560505510005876	1.127206746790144	0.3223261694386218	0.1087329221650023	23.43867625767443	11.939213016783118	0.629757814798987	25.61849386444264	11.898914934253154	0.16528209082812023	6.641318430845806	4.111987320804389
4	0.38469895704720036	2.0299611072711143	1.6165351070417282	3.102486769850641	6.811461405203996	0.2162328335993633	1.0631591098518358	0.32040667456681116	0.11023935141683078	20.63478534100281	15.108798535094467	0.684966271906892	25.45887514897269	11.69461501128667	0.15803588641539895	6.65141084656132	3.9533316429102583
5	0.3816966773738421	2.5195866099355073	1.576522570266187	3.0949939684878363	6.537342150265082	0.21682588449916182	1.0043118227049252	0.31850934058596375	0.1117222743329466	18.25113070313805	17.861876217867728	0.7105775309555593	25.301268845226375	11.4974252013351	0.15127378475764178	6.660600237402028	3.804336180866094
6	0.37727964775645495	2.9949293717257914	1.5380991586270918	3.08698311732518	6.279712748071132	0.21735862035972373	0.95007256804803	0.31659339910990925	0.11316897003168475	16.220312022164972	20.25994639468476	0.7207244618621507	25.142424654389163	11.305531629294315	0.14493959084674699	6.668093777031439	3.663829868671478
7	0.3722321259882254	3.4568607290704407	1.5010826986776113	3.078284301499433	6.0370142115046415	0.21781970319296018	0.8999815668245268	0.3146402538820477	0.11457357762330578	14.487157824239219	22.35481588294905	0.7231503039327893	24.980856857509796	11.117990675498035	0.13899281676366054	6.6735402212613	3.5310062495829806
8	0.3669772015189946	3.906165478371154	1.4653616261281555	3.0688411461691256	5.808065767350988	0.21820549817197799	0.8536626159721117	0.31264326965902856	0.1159339606373674	13.005945346324022	24.190295300243854	0.722043401729477	24.81603165239316	10.934330517671846	0.133402210251616	6.676826923054611	3.405268084352532
9	0.36173761667137405	4.343562298107	1.430862800740616	3.0586570497961754	5.591911862156743	0.21851643709051874	0.8107950353137663	0.3106021037941529	0.11724996381028771	11.738454334359442	25.80353240137061	0.7196223222869983	24.647916035158957	10.754330018574262	0.12814212075493145	6.677967084651637	3.28614051536255
10	0.3566256275155884	4.769716110056465	1.3975337286062586	3.0477655092683777	5.387736439790312	0.2187550099185046	0.7710973714445134	0.3085195790762406	0.11852244910896233	10.652546538275573	27.226084333833484	0.7170210246491971	24.476728934028397	10.577896798055995	0.12319045443333002	6.677037498637914	3.1732225933009115
11	0.3516931249531643	5.185245902876319	1.3653328190466074	3.0362138876711335	5.194814799277694	0.21892466495232185	0.7343177187128958	0.30639997434826266	0.11975276675620256	9.721089164779672	28.484795026110906	0.7147821460213715	24.302805179592198	10.40500062080117	0.1185275174716082	6.674144464230279	3.066160222398233
12	0.34695951431505145	5.5907299876704535	1.3342241097827454	3.0240546636835215	5.012486415083263	0.21902921478907483	0.7002277767254079	0.30424810404903524	0.12094246854120942	8.921113038374006	29.602522078786734	0.7131310335670009	24.126522261946707	10.235637547710665	0.11413535548610712	6.669405387908277	2.9646310415807813
13	0.34242715780072425	5.986709785633229	1.3041744664383517	3.011340828571655	4.840139426833192	0.21907252283582213	0.6686190299113748	0.30206883497595516	0.12209315560445488	8.233137961863354	30.598744198425827	0.7121272345528022	23.948261883472554	10.069811122336745	0.1099973696657291	6.662939081785542	2.8683359392927295
14	0.3380898715585857	6.373692761547942	1.2751521431575037	2.998123568335958	4.677201607944831	0.2190583444884654	0.6393001440539706	0.2998668438196129	0.12320640045209508	7.640622104340027	31.49007181930797	0.7117476075820893	23.76839067238939	9.90752292632344	0.10609808708830913	6.654860856536176	2.776994241073674
15	0.3339375521868089	6.752154845245872	1.2471260841845084	2.9844511925982684	4.523134919253389	0.21899025279040366	0.6120950720473355	0.29764650595421843	0.12428370959279646	7.129506685042551	32.29067806758082	0.7119313714097403	23.587251341089775	9.748768232165858	0.10242301684668562	6.645280232334235	2.690340919676772
16	0.32995865301523064	7.122542531609491	1.2200656220805957	2.9703687329295216	4.377432038413135	0.21887160953803075	0.5868415836366424	0.29541185461221836	0.12532650809835502	6.6878359935747795	33.012663478066536	0.7126040468629679	23.405159444777038	9.593534380668972	0.09895855393517601	6.6343000575102815	2.608124910671067
17	0.3261414718507296	7.485274765378912	1.1939403823938786	2.95591789112586	4.239613973738434	0.21870556022139462	0.5633900584437976	0.29316657676658364	0.1263361357268022	6.3054382811386755	33.66636520746903	0.7136897626656217	23.222403060329185	9.441800571932125	0.09569190978975105	6.622016364887774	2.530108026141472
18	0.32247478659460665	7.840744670247967	1.1687202905935483	2.9411371618734976	4.109228271648462	0.21849504091585428	0.5416024512644229	0.29091402722561405	0.12731384890314396	5.973656627315232	34.26061951074835	0.7151172052323355	23.039243913551502	9.293538351014996	0.09261105782886586	6.6085185974167056	2.456064187624944
19	0.31894813765714713	8.189321155909438	1.144375624918496	2.926062034400222	3.985847549700434	0.2182427906590578	0.5213513775803045	0.28865725089847205	0.12826082544760375	5.68512130471523	34.802984728899006	0.7168221474915321	22.85591915575233	9.148712399086266	0.08970468760320656	6.5938900027425795	2.3857788265387185
20	0.31555192273025817	8.53135042253666	1.1208770853128616	2.9107252222270317	3.869068210768106	0.21795136585770822	0.5025192890147188	0.28639900788310957	0.12917817038353435	5.433556873643605	35.299930836347016	0.718748180876989	22.6726433641018	9.007281423724331	0.08696216408204063	6.5782080896819926	2.3190483708282703
21	0.3122773953178374	8.867157374479332	1.0981958632220743	2.8951568947040287	3.758509262007928	0.2176231549308958	0.48499772062821905	0.2841417986178485	0.13006692195437064	5.2136184987168175	35.75700062671673	0.7208465428890685	22.489610546320016	8.869199042803425	0.08437349021401358	6.56154509111159	2.255679775365835
22	0.30911661692808495	9.197046950804543	1.0763037049881778	2.879384897474353	3.653811199467029	0.21726039230811586	0.4686865987624826	0.2818878877555871	0.1309280574166745	5.0207529420824315	36.17894681977283	0.7230755251140184	22.30699604305997	8.73441461144649	0.08192927178182398	6.543968406024841	2.195490074812562
23	0.3060623897872502	9.52130537811831	1.0551729658586144	2.86343495628269	3.5546349392381313	0.2168651713931719	0.4534936019585695	0.27963932618489745	0.1317624984136841	4.851080445114583	36.56984871194274	0.7253997204390623	22.12495828224656	8.602873971139557	0.07962068404675722	6.525541008789533	2.1383059490458916
24	0.3031081842720921	9.840201349958297	1.0347766538559706	2.847330862386618	3.4606607866304127	0.21643945636620213	0.43933356963251324	0.2773979710258614	0.1325711158599213	4.701294320770688	36.93321143961787	0.7277892433694054	21.943640371742735	8.474520115628787	0.07743943993165495	6.5063218217227785	2.08396329722819
25	0.3002480680410826	10.153987136463066	1.0150884638752329	2.8310946397927816	3.3715874402130144	0.21598509283002867	0.42612795442923834	0.27516550363417097	0.13335473433259187	4.568575578344403	37.27205045939315	0.7302189890452454	21.763171533074146	8.349293776051564	0.07537775962121086	6.48636605124475	2.032306819614337
26	0.2974766402920077	10.462899627725148	0.9960828028783624	2.814746695459845	3.2871310301206176	0.2155038173702848	0.4138043148989454	0.2729434457427998	0.1341141359967051	4.450520316421225	37.58896345660288	0.7326679596756304	21.5836683865582	8.227133931321143	0.07342834152129696	6.465725489825429	1.9831896075894786
27	0.29478897235237006	10.767161314076656	0.9777348072441274	2.7983059539919	3.2070241910816724	0.21499726612552605	0.40229584558972575	0.2707331739097046	0.13485006410444744	4.345077966112117	37.886191561019615	0.735118667636738	21.40523610129314	8.107978251164889	0.0715843345472046	6.444448786760792	1.9364727429893709
28	0.29218055481291966	11.066981206459511	0.9600203533484181	2.7817899784314126	3.1310151709108434	0.21446698247012327	0.3915409419439807	0.2685359324480694	0.13556322611318994	4.250498757755785	38.165671466611414	0.7375566145935272	21.227969424096838	7.991763479403408	0.0698393117200797	6.4225816910127795	1.8920249078676936
29	0.2896472509053926	11.362555699959364	0.942916062387966	2.7652150787043883	3.058866975116734	0.21391442390963908	0.38148279759648146	0.26635284500882606	0.1362542964656254	4.165289029722207	38.429079813194065	0.739969841329883	21.051953600940916	7.87842576468441	0.06818724505129745	6.400167269245858	1.8497220057769546
30	0.28718525559527436	11.65406938350982	0.9263993003635664	2.748596409148639	2.9903565480259666	0.21334096828077698	0.3720690318383093	0.26418492497161183	0.13692391907240314	4.088173205950396	38.677870984459496	0.7423485410958619	20.877265203340674	7.76790094526156	0.06662248169109657	6.377246101951941	1.8094467954426054
31	0.2847910597565279	11.941695798695037	0.9104481740324522	2.73194805641165	2.9252739905269287	0.21274791933877063	0.3632513451526405	0.26203308478447135	0.13757270953366332	4.018061445056567	38.91330930417091	0.744684728859028	20.7039728708956	7.660124793709302	0.06513972131309473	6.353856460265418	1.7710885374979153
32	0.2824614188465093	12.225598150494067	0.8950415235338168	2.7152831188559934	2.863421814236149	0.21213651180550722	0.3549852008536258	0.2598981443763994	0.13820125713167508	3.954022113145918	39.136496465724115	0.7469719591447136	20.53213797988176	7.555033226762891	0.06373399470139096	6.330034465769414	1.7345426547360439
33	0.2801933254931938	12.50592997271244	0.8801589122951082	2.6986137784723616	2.8046142316317413	0.21150791594276822	0.3472295309796097	0.2577808387518005	0.13881012662285172	3.8952583596488384	39.348394905278894	0.7492050857762129	20.361815246598788	7.452562484827392	0.062400643502926546	6.305814235314925	1.6997104061501305
34	0.27798398549225095	12.782835750745996	0.8657806147391874	2.68195136617336	2.7486764814712377	0.2108632417067417	0.33994646470269385	0.25568182486214597	0.13939985985376727	3.841088183173907	39.549847722745135	0.7513800575617479	20.193053273073755	7.352649285110022	0.061135301104324385	6.281228012616569	1.666498574867141
35	0.2758307967581246	13.056451504211363	0.8518876022359715	2.6653064212291366	2.695444188632463	0.21020354253269644	0.3331010776250367	0.25360168783792225	0.1399709772225723	3.790927466202164	39.74159566453289	0.7534937447198611	20.02589504175223	7.2552309518111695	0.05993387459001966	6.256306288161018	1.6348191699453536
36	0.2737313308358945	13.326905331866314	0.8384615276754226	2.648688745507342	2.6447627573737975	0.20952981879231344	0.32666116043488447	0.25154094665326177	0.14052397900436525	3.7442755353278407	39.92429160529764	0.755543791531478	19.860378364952386	7.160245526353945	0.05879252773681382	6.231077908763777	1.6045891418925096
37	0.2716833166268174	13.59431792112964	0.8254847089813014	2.632107453094498	2.5964867969034313	0.20884302096063212	0.3205970054935441	0.249500059286354	0.1410593465566127	3.7007028699707005	40.098512900699134	0.7575284913356365	19.696536294117482	7.067631860237665	0.057707664999026916	6.205570177936418	1.575730111671096
38	0.2696846260336759	13.85880302439428	0.812940111835414	2.6155710158011156	2.5504795780721787	0.20814405252472415	0.3148812100194975	0.2474794274306154	0.1415775434185618	3.6598406389408673	40.264771927577634	0.7594466805425836	19.534397493253877	6.9773296927561255	0.0566759164381256	6.1798089480745295	1.5481681128861897
39	0.2677332612707974	14.120467904214625	0.8008113318397252	2.5990873049888834	2.5066125199532956	0.20743377266206195	0.30948849462514877	0.24547940080463107	0.14207901631674516	3.6213717920940933	40.42352508080314	0.7612976488211579	19.37398658038596	6.889279715526123	0.055694123550853576	6.153818705346692	1.5218333467960699
40	0.26582734361094174	14.379413749336837	0.7890825763075676	2.5826636301030215	2.4647647050446526	0.2067129987129759	0.304395536047168	0.24350028110286961	0.1425641960870983	3.585023475074242	40.57518045589184	0.7630810630352913	19.21532444038012	6.803423625516929	0.05475932595049645	6.127622648052753	1.4966599497452053
41	0.2639651033945315	14.635736063431239	0.7777386458437588	2.566306774244278	2.4248224218157173	0.2059825084684499	0.2995808129921093	0.2415423256238795	0.14303349852281258	3.550560569832672	40.720104412285096	0.764796902863858	19.0584285120673	6.719704168047656	0.053868748856791424	6.101242759121029	1.4725857725888234
42	0.26214487112372936	14.889525028281888	0.7667649158475234	2.55002302707487	2.386678733324816	0.20524304229191273	0.295024464094634	0.23960575060829273	0.14348732515590695	3.517780193015531	40.85862718321617	0.7664454063444173	18.903313052244094	6.63806517103346	0.05301979135114636	6.074699873332782	1.4495521716588287
43	0.2603650695070894	15.140865843081173	0.7561473180492182	2.5338182153158777	2.3502330706496917	0.2044953050913093	0.29070815705951786	0.23769073431494994	0.14392606397945015	3.48650700955292	40.99104767319475	0.7680270238456394	18.7499893788122	6.558451571592963	0.052210015355292544	6.048013739787815	1.4275038108101563
44	0.2586242063566064	15.389839041385798	0.7458723221723316	2.517697731062903	2.315390849888901	0.2037399681557569	0.2866149681226293	0.23579741986011288	0.14435009011649383	3.4565892398616924	41.11763756335324	0.7695423791944727	18.59846609504903	6.480809435987237	0.051437135292743144	6.021203080062904	1.4063884740771615
45	0.2569208681206062	15.636520787191616	0.735926917798325	2.5016665581239272	2.282063111537646	0.20297767086963583	0.28272927103343926	0.233925917842208	0.14475976644115068	3.427895257436222	41.238644826833514	0.7709922368764133	18.448749296800656	6.405085973753411	0.050699008394417766	5.9942856424689746	1.3861568884778652
46	0.2552537142617104	15.880983151496684	0.7262985964905149	2.4857292965473334	2.250166181041703	0.20220902231460536	0.2790366348145176	0.23207630877067137	0.1451554441561752	3.4003106888329064	41.35429674122866	0.7723774743893519	18.300842764079626	6.3312295467379105	0.04999362561060359	5.967278252739235	1.366762556487817
47	0.2536214718990232	16.12329437063505	0.7169753342360022	2.4698901855132283	2.219621349439288	0.20143460277046896	0.27552372962000843	0.23024864531791198	0.14553746333168188	3.37373594145297	41.46480247214789	0.7736990589687315	18.15474813858516	6.259189673743849	0.0493191030946737	5.940196861493231	1.34816159775088
48	0.2520229312070981	16.36351908758905	0.7079455742350079	2.4541531247107384	2.190354572948787	0.20065496512244635	0.27217824005011304	0.22844295440803442	0.14590615340804694	3.3480840952680833	41.57035529101379	0.7749580280197277	18.010465088235005	6.188917031292764	0.048673674223445755	5.91305658871705	1.330312599550862
49	0.2504569411058773	16.601718577400852	0.6991982100765125	2.438521694338402	2.162296190495089	0.1998706361834614	0.2689887853436427	0.22665923915740396	0.14626183366661288	3.3232791045873715	41.671134480701184	0.776155472692341	17.86799145991242	6.120363451052974	0.04805568212291964	5.885871765532023	1.313176475630966
50	0.24892240538305568	16.837950957736734	0.6907225693210091	2.422999173833075	2.1353806581573997	0.19908211793795386	0.2659448459048698	0.22489748067875	0.14660481367083114	3.299254263712431	41.76730697477235	0.7772925241195701	17.727323421362104	6.053481914352027	0.04746357266847452	5.858655973458628	1.2967163329307947
51	0.24741827914082187	17.07227138560553	0.6825083975080944	2.4075885594307183	2.109546299566268	0.1982898887136309	0.2630366956608203	0.223157639760208	0.14693539368046368	3.275950897246287	41.85902876932788	0.7783703419106202	17.58845559314469	5.988226544168425	0.04689588793016565	5.831422081379294	1.2808973458261494
52	0.245943565554804	17.30473224112884	0.6745458426031298	2.392292580645957	2.0847350713655928	0.19749440428650988	0.26025533979597054	0.22143965842895316	0.1472538650410133	3.253317241876839	41.946446140455	0.7793901045546641	17.451381171420515	5.924552594942268	0.04635126003648242	5.8041822803702035	1.2656866374933116
53	0.24449731291593094	17.535383299243062	0.6668254398898174	2.3771137157529254	2.060892342847016	0.1966960989243385	0.25759245743238895	0.21974346140853657	0.14756051055042035	3.231307491134647	42.029696695662956	0.7803530014402073	17.31609204228953	5.862416440505663	0.045828405430053	5.776948116563899	1.2510531680086545
54	0.24307861187849247	17.764271890132292	0.6593380973148276	2.3620542063415444	2.037966688942937	0.1958953863729545	0.25504034886553895	0.2180689574781336	0.14785560480486126	3.2098809790330276	42.10891028333874	0.7812602262408289	17.182578888342483	5.801775560406048	0.04532611949115727	5.749730522187834	1.2369676288283558
55	0.24168659296500195	17.99144304914322	0.6520750812847381	2.3471160710131107	2.015909695789735	0.19509266078948007	0.25259188699329826	0.21641604074078877	0.14813941452517904	3.1890014820389414	42.18420978071513	0.7821129714558479	17.050831287988824	5.742588524848333	0.044843271505896905	5.722539844903153	1.2234023432993857
56	0.2403204242356081	18.21693965688659	0.6450280029154762	2.3323011182778406	1.9946757781217441	0.19428829762619815	0.2502404726046789	0.21478459180757917	0.14841219886547571	3.168636621889253	42.25571177785978	0.7829124239259115	16.92083780811338	5.684814978473419	0.044378799957379256	5.695385875566213	1.2103311728735315
57	0.2389793091622449	18.440802570172053	0.6381888047309661	2.3176109587065845	1.9742220078001227	0.19348265446827234	0.24797999322290537	0.21317447890349758	0.14867420970509562	3.148757354388664	42.32352717254545	0.7836597611714186	16.792586090524903	5.6284156231512865	0.0439317081196788	5.66827787451395	1.1977294287129656
58	0.2376624846253161	18.663070744407612	0.6315497478054288	2.303047016390611	1.95450795279246	0.19267607182862126	0.24580478521437113	0.21158555890097414	0.148925691925295	3.1293375314606076	42.38776168880714	0.7843561484237628	16.66606293266812	5.573352199958299	0.04350105993484837	5.641224596478574	1.1855737883780049
59	0.23636921908245123	18.883781348007712	0.6251033993445635	2.288610539750807	1.9354955260055653	0.19186887390242058	0.24370959891032332	0.21001767828566445	0.14916688367154624	3.1103535257537063	42.4485163299026	0.7850027362406081	16.54125436296893	5.519587470478964	0.04308597615571868	5.6142343142109485	1.1738422173274947
60	0.23509881085751436	19.10296986936291	0.6188426206969094	2.2743026117413776	1.9171488433561104	0.1910613692839901	0.24168956649512363	0.20847067405944403	0.14939801660253904	3.091783908546061	42.505887775029144	0.7856006586115135	16.418145711206343	5.467085197563518	0.04268563073693706	5.587314840900669	1.1625138949499172
61	0.23385058654471233	19.320670216859636	0.6127605557877142	2.260124159485695	1.899434090530959	0.19025385164833478	0.23974017244254003	0.20694437458478082	0.14961931612674384	3.0736091731618984	42.55996872765375	0.7861510314754009	16.296721674243813	5.4158101256557165	0.04229924745861084	5.560473551465529	1.1515691448741978
62	0.23262389952899332	19.536914812416256	0.6068506199657618	2.2460759633797442	1.8823193979064052	0.189446600399479	0.23785722629544112	0.20543860037439238	0.14983100162734425	3.0558114972235746	42.610848222216056	0.7866549515830248	16.17696637743146	5.3657279607906085	0.041926096767524575	5.533717402778914	1.1409893693150537
63	0.23141812859200755	19.751734678959878	0.6011064892543827	2.232158665696017	1.8657747231420099	0.18863988128757905	0.23603683760458447	0.20395316482980844	0.15003328667629237	3.0383745381159737	42.6586118949211	0.7871134956482722	16.0588634319677	5.316805350354688	0.041565492822244074	5.507052952898724	1.1307569872287673
64	0.2302326766333462	19.965159522260386	0.5955220899949538	2.2183727787180954	1.8497717409623602	0.18783394699662778	0.23427539284883725	0.20248787493216164	0.15022637923815396	3.0212832567434256	42.70334222362669	0.787527719739854	15.942395988485053	5.269009862683857	0.041216790728477955	5.480486379356071	1.1208553760516737
65	0.22906696942507032	20.17721780748611	0.5900915888745325	2.2047186924354363	1.8342837397077825	0.18702903770454443	0.2325695341832883	0.2010425318884445	0.15041048186443035	3.0045237655543966	42.74511874096548	0.7878986588734579	15.82754678711807	5.222309966578814	0.040879383952934646	5.454023496561121	1.111268816826116
66	0.22792045451981116	20.387936830838797	0.5848093833240555	2.191196681821051	1.8192855242215042	0.18622538161698354	0.23091613986530257	0.19961693173572873	0.15058579187881707	2.9880831972493738	42.784018224340706	0.7882273267700347	15.714298204252222	5.176675010783844	0.04055270190369372	5.427669772369228	1.101982442508875
67	0.2267926001503187	20.597342786581628	0.5796700922809057	2.177806913719901	1.8047533247147762	0.18542319547655756	0.22931230622984763	0.19821086590640738	0.15075250155406372	2.971949591260615	42.820114865844666	0.7885147157512582	15.602632296197621	5.132075203508043	0.040236207667046844	5.401430343861478	1.0929821892949034
68	0.2256828942417339	20.80546082979526	0.5746685472985212	2.1645494533696388	1.7906647111936478	0.18462268504878063	0.22775533108091722	0.1968241217567531	0.15091079828087509	2.9561117953618075	42.8534804248161	0.7887617967478886	15.492530839969527	5.0884815920122435	0.039929395889470545	5.375310032381751	1.0842547507551221
69	0.22459084346941688	21.01231513510853	0.5697997839985096	2.1514242705728326	1.7769985131599755	0.18382404558584517	0.226242698396321	0.19545648306097538	0.15106086472927974	2.940559380318366	42.88418436520768	0.7889695194004926	15.383975371350187	5.045866042324184	0.03963179079666838	5.3493133578662135	1.0757875346545365
70	0.22351597237236293	21.217928951694002	0.5650590338508072	2.1384312455423666	1.7637347442290077	0.1830274622695628	0.22477206423441504	0.1941077304730703	0.15120287900293886	2.9252825656759573	42.912293979770794	0.7891388122351868	15.276947220413932	5.004201219110417	0.03934294433997594	5.323444552507872	1.067568622277327
71	0.2224578225213073	21.422324654769028	0.5604417162720028	2.1255701744375792	1.7508545313690238	0.18223311063451292	0.22334124374838885	0.19277764195838598	0.15133701478677195	2.910272155116025	42.93787450270935	0.7892705828998765	15.17142754466861	4.963460565739619	0.03906243446207174	5.297707573789849	1.0595867301175828
72	0.22141595173363707	21.625523793832315	0.5559434310314191	2.1128407746083426	1.7383400484796026	0.1814411569724315	0.22194819921995415	0.19146599319676672	0.15146344148826799	2.895519480030755	42.96098921223549	0.7893657184487712	15.067397359961594	4.923618284566977	0.03878986347428741	5.272106116920601	1.0518311737987673
73	0.22038993331815862	21.827547137853138	0.5515599509544672	2.10024268956379	1.7261744540395283	0.18065175871884864	0.22059102903081482	0.19017255795906995	0.15158232437284652	2.8810163501667714	42.98169952426606	0.7894250856649236	14.964837569292838	4.8846493174657075	0.038524856538237014	5.246643626703471	1.0442918340913052
74	0.21937935540679773	22.028414717606193	0.5472872149132644	2.0877754936779707	1.714341832579073	0.17986506482268075	0.21926795749812947	0.1888971084584147	0.15169382469349982	2.866755010338662	43.000065078308594	0.7894495314121938	14.863728989643159	4.846529326623594	0.038267060245137235	5.221323308863623	1.036959124908997
75	0.21838382026084616	22.228145865357703	0.5431213210933484	2.0754386966520926	1.7028271397243135	0.17908121610002364	0.21797732550229038	0.18763941567818984	0.1517980998151882	2.8527281023913638	43.01614381649017	0.7894398830095429	14.764052376978487	4.809234675628413	0.03801614128607461	5.196148140871879	1.0298239631600525
76	0.2174029436630545	22.426759252057074	0.5390585205281346	2.0632317477406983	1.6916161506114187	0.17830034557251476	0.21671758184703122	0.1863992496776991	0.1518953033340833	2.8389286316710582	43.02999205648152	0.7893969486215858	14.6657884495001	4.7727424108538665	0.03777178520776672	5.171120882278012	1.022877740354359
77	0.21643635432326142	22.62427292220536	0.5350952108911382	2.0511540397574746	1.6806954114572359	0.1775225787912503	0.21548727529285003	0.18517637987706784	0.15198558519202512	2.8253499374079016	43.04166455901698	0.7893215176605074	14.568917909269679	4.737030243162989	0.03753369524813407	5.14624408458483	1.01611229586129
78	0.21548369331916387	22.820704326557934	0.5312279305356886	2.0392049128721417	1.6700521940822133	0.17674803414693946	0.21428504720831107	0.18397057532262986	0.15206909178642242	2.8119856664660774	43.0512145906161	0.789214361195214	14.47342146230578	4.702076529937156	0.0373015912462746	5.121520100685149	1.00951989171677
79	0.21454461356659774	23.016070352794603	0.5274533527741693	2.0273836582087257	1.6596744532149432	0.1759768231669117	0.2131096247924507	0.18278160493389828	0.15214596607581074	2.798829750023084	43.05869398200391	0.7890762323643314	14.379279837239396	4.667860257442152	0.037075208622302375	5.09695109388151	1.0030931888951586
80	0.21361877931815693	23.21038735429531	0.5237682803872035	2.0156895212561645	1.64955078639889	0.1752090507996406	0.21195981482145185	0.18160923773326712	0.15221634768129677	2.785876382783729	43.06415318268907	0.7889078667902649	14.28647380261947	4.634361023537532	0.03685429742232624	5.072539046510012	0.9968252249561825
81	0.21270586568593206	23.403671177142883	0.5201696403544568	2.00412170510093	1.6396703963433183	0.1744448156873697	0.21083449787857172	0.18045324305946395	0.1522803729840906	2.7731200044006945	43.067641312085954	0.7887099829920526	14.194984182949195	4.601559020735611	0.03663862142441158	5.048285768187135	0.9907093929878844
82	0.21180555819339814	23.59593718546805	0.5166544787986862	1.9926793734906614	1.6300230555672903	0.17368421042738105	0.20973262302897358	0.17931339076569866	0.1523381752193089	2.7605552828144693	43.06920620752056	0.7884832827951601	14.104791873528045	4.569435019614098	0.03642795730156492	5.024192903696986	0.9847394217696295
83	0.21091755234409607	23.787200285245127	0.5132199561349592	1.9813616537379841	1.6205990731947053	0.1729273218224668	0.20865320290420075	0.17818945140346173	0.15238988456624258	2.748177099271105	43.06889446941925	0.7882284517367394	14.01587785417495	4.537970352586155	0.03622209383803418	5.0002619405369915	0.9789093570835016
84	0.21004155321681997	23.977474946637763	0.5098633424172532	1.9701676394722583	1.6113892637682683	0.1721742311210676	0.20759530916399432	0.17708119639278158	0.15243562823524354	2.735980534804171	43.066751503939365	0.7879461594651574	13.928223201896772	4.507146898029276	0.03602083119548561	4.976494216137049	0.9732135441072288
85	0.20917727507834105	24.166775224993515	0.5065820128739341	1.9590963932478829	1.602384917951507	0.1714250142476207	0.20655806830478082	0.17598839817980869	0.15247553055141702	2.7239608579995256	43.06282156328017	0.7876370601329554	13.841809102570508	4.476947064771075	0.035823980225679765	4.95289092476948	0.9676466108217571
86	0.20832444101766792	24.355114780563213	0.5033734436271472	1.948146949014915	1.5935777750176228	0.1706797420234283	0.20554065778964947	0.17491083038238045	0.152509713035219	2.7121135138916626	43.05714778385372	0.7873017927823073	13.756616861691363	4.447353776939843	0.035631361826994036	4.929453124160081	0.9622034523827327
87	0.20748278259487124	24.542506897045417	0.5002352075851476	1.9373183144614297	1.5849599969903667	0.16993848037868708	0.20454230247106706	0.17384826792443375	0.15253829448018158	2.7004341138483605	43.04977222252978	0.7869409817227919	13.672627914254562	4.418350459165553	0.035442806341379876	4.906181741820446	0.9568792163854727
88	0.20665203951614577	24.728964499010917	0.4971649705051647	1.9266094732311145	1.576524144362822	0.16920129055581262	0.20356227128711565	0.1728004871597398	0.15256139102779961	2.68891842633467	43.040735891070916	0.7865552369006708	13.589823833809119	4.389921022144754	0.03525815298978657	4.883077581106472	0.9516692889869249
89	0.20583195930268364	24.914500168295604	0.4941604872169939	1.9160193870254476	1.5682631532765805	0.16846822930470162	0.20259987420707123	0.17176726598581835	0.1525791162398092	2.6775623684572203	43.03007878893106	0.7861451542597164	13.508186340750697	4.362049848557359	0.035077249343094564	4.8601413270231815	0.9465692818228982
90	0.2050222970094293	25.09912615941948	0.49121959800189197	1.9055469975934198	1.560170314078498	0.16773934907006727	0.20165445940758217	0.17074838394837596	0.15259158116787971	2.666361998186034	43.017839934525284	0.785711316093286	13.427697309880983	4.334721779332514	0.03489995082642927	4.837373551780659	0.9415750196781132
91	0.2042228149243726	25.282854414098562	0.48834022512079794	1.895191228617112	1.5522392511695942	0.16701469817139367	0.20072541066150743	0.16974362233708543	0.1525988944209262	2.6553135072000833	43.00405739509065	0.7852542913875898	13.348338777297917	4.3079221002646655	0.0347261202546894	4.814774720118311	0.936682528864668
92	0.2034332823013347	25.46569657490574	0.4855203694854338	1.8849509874964514	1.544463904064882	0.16629432097569433	0.1998121449224103	0.1687527642730435	0.1526011622300824	2.6444132142725487	42.98876831523449	0.7847746361561384	13.270092946643405	4.281636528970868	0.034555627397235424	4.792345194403646	0.9318880262665225
93	0.20265347509936915	25.64766399813355	0.4827581074673668	1.874825167038782	1.5368385095937012	0.1655782580634239	0.19891411009004328	0.16777559478848048	0.15259848851145877	2.633657559148381	42.97200894425666	0.7842728937653443	13.192942194753742	4.255851202189526	0.03438834856995372	4.770085239516764	0.9271879090133833
94	0.20188317573413286	25.82876776591243	0.4800515878387141	1.8648126470581738	1.5293575851659673	0.16486654638785994	0.19803078294211449	0.16681190089919104	0.15259097492678722	2.6230430968603304	42.9538146623326	0.7837495952514286	13.116869076749618	4.230552663412464	0.034224166252829785	4.74799502753066	0.9225787447446283
95	0.20112217284174785	26.009018697631102	0.4773990288394057	1.8549122958887958	1.5220159130399002	0.16415921942821834	0.19716166721951608	0.1658614716701198	0.15257872094203842	2.6125664924396514	42.93422000562795	0.7832052596287187	13.041856330599822	4.2057278508462215	0.03406296873141273	4.726074642195891	0.918057262429414
96	0.2003702610531696	26.188427360702047	0.4747987153660981	1.8451229718165238	1.5148085255314172	0.16345630733676292	0.1963062918533622	0.164924098274511	0.15256182388409598	2.6022245159841533	42.91325869040955	0.7826403941894656	12.967886881190886	4.181364085697879	0.033904649760675205	4.704324083237934	0.9136203437114058
97	0.19962724077643698	26.367004080715414	0.47224899627753797	1.8354435244330818	1.5077306911052104	0.16275783708018138	0.19546420932251712	0.16399957404703858	0.15254037899557715	2.592014038049616	42.890963636215304	0.7820554947953623	12.8949438439353	4.157449060779283	0.03374910824977777	4.682743270476022	0.9092650147462791
98	0.1988929179949855	26.54475895101899	0.4697482818116186	1.8258727959161791	1.500777901293952	0.16206383257544438	0.19463499413159488	0.16308769453124816	0.15251447948786712	2.5819320253322364	42.86736698813706	0.7814510461609426	12.8230105279444	4.133970829423161	0.033596247966408706	4.661332047770361	0.9049884385034893
99	0.19816710406644272	26.72170184175979	0.467295041110082	1.8164096222396362	1.493945858397073	0.16137431482039502	0.19381824140042295	0.16218825752170898	0.15248421659245015	2.571975536621509	42.84250013826417	0.780827522129012	12.752070438797185	4.110917794708304	0.033445977259494025	4.640090186805746	0.9007879075065216
100	0.19744961553820764	26.89784240842403	0.4648877998453434	1.807052834316827	1.487230463905989	0.16068930201929713	0.19301356555569676	0.16130106310116327	0.15244967961060862	2.562141718992953	42.81639374634126	0.7801853859384076	12.682107280927417	4.0882786989821005	0.03329820879897785	4.619017390718767	0.8966608369828925
