	s1	s10	s11	s12	s13	s14	s15	s16	s17	s2	s3	s4	s5	s6	s7	s8	s9
0	100.0	0.0	0.0	0.0	0.0	0.0	0.0	0.0	0.0	0.0	0.0	0.0	0.0	0.0	0.0	0.0	0.0
1	0.5978512541844536	0.46466890499192076	1.7463363082782621	3.1205246656000782	7.742348302171077	0.21399632098927826	1.2713288580655673	0.32585776616444834	0.10552805321758607	30.58225514381042	4.043950921461058	0.30790608342568415	25.91406442508837	12.315762818827316	0.18116059583482777	6.610735383736611	4.4557241941530625
2	0.3800103598853252	1.003709964323631	1.702795187331437	3.1178098370795686	7.4191148154557025	0.2149931992008366	1.1972598825033691	0.3243476617632916	0.10722773623349369	26.74642500796875	8.279702658662318	0.5193651008949125	25.786484632060983	12.113669704143128	0.17309500823868273	6.631892784439256	4.282096459815336
3	0.3849194338734623	1.5250589846763183	1.6584480755713915	3.109842653775562	7.104284014505457	0.21560511115232406	1.1272074224572757	0.3223262603712158	0.10873294776459498	23.438750822226588	11.939148746844387	0.6296643240137151	25.618501110667047	11.898918693385207	0.16528216705090787	6.64132017937046	4.111989052294097
4	0.3847357326473612	2.029989463029339	1.6165250450318724	3.102473760699154	6.811393342014328	0.21623195727052663	1.0631414375997321	0.3204052847092364	0.11023891895991354	20.63281367023064	15.11057819011112	0.685440947587908	25.45876438105391	11.69455468980225	0.15803416749135019	6.651383690642809	3.9532953211185613
5	0.3816721590408854	2.519580804974502	1.5765294121593525	3.0950052402723167	6.537376096989235	0.21682664747294167	1.0043185063481106	0.3185105288065624	0.11172264087654137	18.251692734311543	17.861447191954657	0.7102291253213034	25.301363410478483	11.497471746703317	0.15127459935324314	6.660623886682888	3.804355268254129
6	0.3772947603068746	2.9949452692812	1.5380946673080296	3.086978002454159	6.279679561077052	0.21735827789199286	0.9500636042688716	0.316592846970211	0.11316879885506549	16.21936130082522	20.260816593587023	0.720925283759408	25.142380606122835	11.305506168937313	0.14493874451216185	6.668083158213959	3.663812355628642
7	0.3722651107249529	3.456882621336467	1.5010768234894158	3.078277810186023	6.036969710537178	0.21781926867741003	0.8999693576807548	0.31463955183038755	0.11457335916638828	14.485829672474567	22.35603819861212	0.7233985596664679	24.980800838170328	11.117957840796239	0.13899167826975778	6.67352675104189	3.530982847339676
8	0.3669771964348787	3.906175860171881	1.4653616594807404	3.068843233408483	5.808056628744829	0.21820564338894757	0.8536588034571526	0.31264347749074134	0.11593402477472375	13.005474057925237	24.1907746444	0.7220141885295095	24.816048094648057	10.934335208673568	0.13340194904826597	6.676831416505556	3.4052639129174502
9	0.3617336910592523	4.343572235901811	1.430862410158719	3.0586584052621126	5.591901550303523	0.21851653393019682	0.8107913418052312	0.310602233384749	0.11725000560709596	11.738095697350927	25.803894967694365	0.7196155919751925	24.64792624462903	10.75433162388849	0.12814183727530679	6.677970069167491	3.286135560606534
10	0.35661995597368806	4.769721145401518	1.3975335066206256	3.0477667097607437	5.387731931876583	0.21875509989739464	0.7710964547624588	0.30851969003140556	0.11852249142561497	10.65280518296367	27.22584649327758	0.7169947168087552	24.47673765270694	10.577898108856724	0.12319033901431364	6.677040237759375	3.173220282862635
11	0.35168495953072826	5.1852421386699135	1.365333189276503	3.036215153516525	5.194821672053556	0.2189247641052692	0.734321628051111	0.30640009048874994	0.1197528196640572	9.722261702666893	28.48367139976987	0.7147144703670706	24.302814313071767	10.405003244453969	0.11852772201063738	6.674147441232283	3.066163291071119
12	0.34695069357938074	5.590717097050767	1.3342247229036175	3.0240552293626064	5.012503419761634	0.2190292705754844	0.700236237870848	0.3042481461846789	0.12094250692771187	8.923062492510738	29.600637835968733	0.7130465101129345	24.12652551918717	10.235638732164412	0.11413585086197457	6.66940697788876	2.9646387570885735
13	0.3424209382999884	5.986691415611773	1.3041746637316984	3.011339872128741	4.8401600752827845	0.21907247732065135	0.6686296484037674	0.3020687179573436	0.12209314914737139	8.235358687467233	30.59658154730284	0.7120684823735896	23.948252493122695	10.069807278483715	0.10999798098457889	6.662937509670041	2.868345062711212
14	0.33808803537212145	6.373673880288951	1.275151700178584	2.9981212411194598	4.677219938484621	0.21905820531382303	0.6393102393789454	0.2998665844597096	0.12320634929912415	7.6425826668943	31.48814787576907	0.7117322002880351	23.76836997068453	9.907514074355104	0.10609864417139322	6.654856384917155	2.777002009025098
15	0.3339389477013336	6.752138002566618	1.2471252986799177	2.9844483245073508	4.523149610620026	0.2189900749090705	0.6121035751878805	0.2976461918007787	0.12428363822509451	7.131002412449447	32.28919985072783	0.711945456092106	23.587226291497657	9.748757354537714	0.10242347293415509	6.6452745775163855	2.6903469200466614
16	0.32996083985927177	7.122528099063986	1.2200648971834982	2.9703661052001005	4.377444420240452	0.2188714457936514	0.5868486237052898	0.295411567645327	0.12532644156748737	6.6889141106562935	33.011593105106705	0.7126255081354748	23.40513656803457	9.59352450959957	0.09895893792041913	6.6342948588246955	2.6081299614632383
17	0.3261430351483082	7.485262124995854	1.193939914249131	2.9559158057583628	4.239625512489316	0.21870543153688743	0.5633961357856471	0.2931663484014837	0.12633608455387463	6.306233008077405	33.66557547845566	0.7137059159626373	23.22238485448102	9.441792939461914	0.09569226018302594	6.622012266787073	2.530112883672437
18	0.3224757231228372	7.840733268851934	1.1687200584841373	2.9411355399413783	4.109239459755864	0.2184949423791453	0.5416078859421556	0.29091384885504085	0.12731381121566415	5.974269989605553	34.2600105629615	0.7151266706251245	23.039229692498434	9.293532660770765	0.09261139014199408	6.608515443761993	2.4560690510865166
19	0.3189488080733331	8.189310774056045	1.1443755352205494	2.926060700765939	3.985858233743687	0.21824271064279027	0.5213562612669341	0.28865710389610216	0.12826079590990028	5.685601773482072	34.802507690503035	0.7168282384973352	22.855907436417212	9.148707938032286	0.08970500014023591	6.593887431108786	2.3857835682437893
20	0.3155524804016278	8.531341050115213	1.1208770743094678	2.910724075420416	3.869078146664904	0.21795129758393705	0.5025236168067838	0.2863988814417202	0.12917814580600626	5.433922983122374	35.29956665184377	0.7187533722734291	22.672633285681645	9.007277755972675	0.08696245159680864	6.578205889294621	2.3190528416646408
21	0.31227788272736795	8.867149025419048	1.0981959104357812	2.8951559113186107	3.7585183586036073	0.217623096872733	0.4850014975970298	0.28414169016718055	0.1300669016200652	5.213883844508619	35.75673584032628	0.7208512056323827	22.48960190350743	8.869196046429277	0.0843737507792747	6.561543214296332	2.255683919759022
22	0.30911702941672103	9.197039586852886	1.076303807281886	2.8793840784089917	3.653819489449067	0.21726034460205865	0.4686898649933393	0.2818877972824927	0.13092804143160255	5.020935079436199	36.178764387464085	0.7230791238481058	22.306988834080766	8.734412269970594	0.08192950664461898	6.543966856485615	2.195493902351015
23	0.3060626783484243	9.521298917926481	1.0551731166300131	2.8634342906566146	3.5546424841371658	0.21686513339623179	0.45349641499619164	0.2796392524370439	0.1317624865393336	4.85119873469744	36.56972972186832	0.725401992255002	22.124952406799007	8.602872227775178	0.07962089538039811	6.5255397658711844	2.1383094802860194
24	0.3031083462999022	9.84019570252602	1.0347768384311222	2.8473303227176965	3.460667623097206	0.21643942630875793	0.43933598353036446	0.2773979110151879	0.1325711073218239	4.701365590979693	36.93313927093595	0.7277904378652561	21.943635591511743	8.474518850891434	0.07743962936584693	6.506320829843373	2.0839665373586733
25	0.30024816456166314	10.153982220800222	1.01508866567063	2.831094194924889	3.3715935852898196	0.2159850686777641	0.4261300130940161	0.27516545400343073	0.13335472821612623	4.568612325767491	37.27201266045631	0.7302195407700969	21.763167580474157	8.349292857847198	0.07537792822832591	6.486365246743276	2.032309764474639
26	0.29747671189876457	10.4628953755021	0.9960830100837513	2.814746322806997	3.2871365068425775	0.21550379765320032	0.4138060554731852	0.2729434040520914	0.1341141316429028	4.450531366723309	37.58895122925005	0.7326681815581176	21.583665067083217	8.227133263482322	0.07342849039493887	6.465724826666241	1.9831922588862911
27	0.29478901781295574	10.767157665052519	0.9777350136258821	2.7983056407337332	3.207029036914751	0.21499725002415346	0.40229730215812765	0.27073313875766025	0.13485006115649295	4.345069858397539	37.88619842870046	0.7351186888413543	21.40523330313566	8.107977778081487	0.07158446503574656	6.444448239161466	1.9364751124100656
28	0.2921805744344445	11.06697805983526	0.9600205549854429	2.7817897106005463	3.1310194737549732	0.21446696910497426	0.39154216762459293	0.26853590230942415	0.1355632242076721	4.25047927678364	38.16568973831281	0.7375564865921452	21.22796702563309	7.991763146989327	0.0698394265732976	6.422581231153484	1.8920270311049316
29	0.2896472688619016	11.362552878538896	0.9429162558646957	2.765214833347184	3.0588709018765137	0.21391441182767487	0.3814838793465921	0.2663528174062146	0.13625429500889621	4.165268673071882	38.42909908376343	0.7399696470548665	21.051951404869556	7.878425494321381	0.06818734929271533	6.400166851176229	1.8497239543714257
30	0.28718527539596184	11.654066749484569	0.9263994845443687	2.7485961697195345	2.9903602342372326	0.21334095643416706	0.3720700350392979	0.26418489812709073	0.13692391763978717	4.088158143366817	38.677885113663024	0.7423483693992717	20.877263068137154	7.767900684065844	0.06662257932681123	6.3772456925221785	1.809448628896946
31	0.28479107667260734	11.941693319197707	0.9104483498278799	2.731947820682621	2.9252774732073705	0.21274790758949688	0.3632522842720986	0.2620330584588441	0.13757270807221475	4.01805112087894	38.91331881519171	0.744684610240312	20.703970777538075	7.660124536731296	0.06513981339081963	6.353856055076856	1.7710902729712152
32	0.28246143606237517	12.225595846062278	0.8950416921553551	2.7152828913955727	2.8634250776057595	0.21213650044906132	0.3549860657606161	0.259898119055037	0.13820125576449852	3.954013654656741	39.13650419313069	0.7469718704415321	20.532135966982903	7.555032989653664	0.06373408072066153	6.330034074119343	1.7345442859839737
33	0.28019334396257173	12.505927847263951	0.8801590742964938	2.698613561397464	2.8046172744879763	0.21150790512071727	0.34723032039497714	0.2577808146528408	0.13881012541078996	3.895250719016089	39.348401888141396	0.749205002527284	20.361813331467744	7.452562273952049	0.06240072341856169	6.30581386162485	1.6997119328643053
34	0.2779840022278741	12.78283378055443	0.8657807701835135	2.681951157675006	2.748679328792899	0.21086323131043588	0.3399471904075887	0.25568180178336847	0.13939985875534702	3.8410820424268373	39.54985328403085	0.7513799810726581	20.19305143956592	7.352649094063572	0.06113537565142642	6.281227653405089	1.6665000080932415
35	0.27583081237306595	13.05644966535361	0.851887751240867	2.665306219217351	2.695446865677492	0.21020353243348583	0.3331017508374628	0.2536016655501195	0.13997097618691223	3.7909232407867917	39.741599383501736	0.7534936865734333	20.025893271596384	7.255230773848728	0.05993394450371613	6.256305939330517	1.634820520988386
36	0.27373134744989236	13.326903615788417	0.838461670671591	2.648688549930722	2.6447652749941093	0.20952980899077478	0.32666178481073777	0.2515409251469376	0.14052397803331398	3.7442726816469234	39.92429401132367	0.7555437526338211	19.860376657373504	7.16024536169033	0.05879259331796773	6.231077570302254	1.6045904158950923
37	0.271683333333859	13.594316326590576	0.8254848464911505	2.6321072649259127	2.596489158978682	0.20884301152344475	0.32059758144428974	0.2495000386607567	0.1410593456797974	3.7007006611351145	40.09851471048678	0.7575284625339032	19.696534656989073	7.06763171226103	0.05770772634317106	6.205569851912707	1.5757313107098023
38	0.2696846413385591	13.858801546009826	0.8129402441647117	2.6155708352769507	2.5504817918852973	0.2081440434717749	0.3148817401113354	0.2474794077053313	0.1415775426462641	3.659838834385314	40.2647733784536	0.7594466551257417	19.53439592810238	6.977329562103852	0.05667597374855335	6.179808635079836	1.5481692403907228
39	0.26773327560360494	14.120466531754234	0.8008114590992079	2.599087131446136	2.5066145969045666	0.20743376395514654	0.3094889836434829	0.24547938190340568	0.14207901563464856	3.6213704917573097	40.42352607087235	0.7612976273087743	19.37398508111164	6.889279599787846	0.0556941771565207	6.153818404144821	1.5218344079163513
40	0.2658273576926914	14.379412473250646	0.7890826986359323	2.5826634629007814	2.464766655911915	0.20671299031480764	0.30439598830075154	0.24350026295264285	0.14256419548105548	3.5850226992041394	40.57518096084029	0.7630810478551758	19.215323001143343	6.803423522518312	0.05475937615966057	6.127622357439817	1.49666094939808
41	0.2639651170003785	14.635734877478795	0.7777387634823999	2.566306613219196	2.4248242544106793	0.20598250037221644	0.2995812311733698	0.24154230820308373	0.14303349799144754	3.5505601566411618	40.72010458902896	0.7647968933575184	19.058427131129857	6.7197040773204835	0.05386879588705543	6.101242478854263	1.4725867144491736
42	0.26214488327771623	14.889523957521583	0.7667650275010146	2.550022874904049	2.3866804184667196	0.20524303467383687	0.29502483858346673	0.23960573418420392	0.14348732476560114	3.5177795367957834	40.85862764286021	0.7664453955476056	18.903311750718665	6.638065095298329	0.05301983441063384	6.074699608967907	1.4495530415227156
43	0.26036507982532775	15.140864897618915	0.7561474229544606	2.533818073184014	2.3502345961548543	0.20449529803203378	0.29070848437006536	0.2376907190004466	0.14392606376026704	3.4865058719269655	40.99104865757686	0.7680270085299316	18.749988165573196	6.55845151097139	0.0522100541231997	6.048013493852976	1.427504602545142
44	0.2586242152043417	15.389838206813511	0.7458724206712932	2.51769759783801	2.315392232214799	0.20373996158692614	0.2866152545088253	0.23579740553116116	0.14435009004282742	3.4565878252990596	41.11763886517744	0.7695423614441981	18.59846496021635	6.4808093875214885	0.051437170232968045	6.021202850366365	1.406389195330479
45	0.2569208759740451	15.636520044293988	0.7359270105414532	2.501666432238348	2.2820643730518073	0.2029776646945527	0.2827295245045168	0.23392590433141064	0.14475976647712785	3.42789381763382	41.238646189464006	0.7709922195713662	18.44874822707181	6.405085934284473	0.05069904012883823	5.994285425921674	1.3861575498168073
46	0.2552537212840467	15.88098248934298	0.7262986838366495	2.485729177213471	2.250167334681963	0.20220901648640652	0.2790368599364979	0.2320762959915125	0.14515544428479166	3.4003093058519425	41.35429807925208	0.7723774584562512	18.300841752564352	6.331229514471111	0.049993654499007646	5.967278047831541	1.3667631640154414
47	0.25362147810968366	16.123293784430466	0.7169754163003114	2.4698900724981367	2.2196224010556826	0.20143459727774127	0.2755239284419262	0.23024863324113146	0.14553746354921487	3.3737345930534812	41.46480380598594	0.7736990440472548	18.154747182929995	6.259189647744285	0.04931912930089208	5.940196667839525	1.3481621541943822
48	0.25202293663763664	16.363518572587537	0.7079456511416723	2.454153017761221	2.1903555283447464	0.2006549599523287	0.27217841456534103	0.22844294300256252	0.14590615371020366	3.3480827705340177	41.57035662988514	0.7749580138704486	18.01046418594514	6.188917010636415	0.04867369790928794	5.913056405886762	1.3303131076295875
49	0.25045694604057983	16.60171811705724	0.6991982827897163	2.4385215921261922	2.1622970701243234	0.1998706312522221	0.2689889417687273	0.22665922828714213	0.14626183402364765	3.3232779115319713	41.671135709689864	0.7761554603058474	17.867990600219446	6.1203634347275235	0.048055703839122506	5.885871590855566	1.3131769453609137
50	0.2489224101107175	16.837950534741953	0.6907226389457493	2.422999074946041	2.1353814836284015	0.1990821131556959	0.2659449905875127	0.22489747020092807	0.14660481405096712	3.299253304452716	41.767307984011325	0.7772925144450084	17.72732259298479	6.053481901697908	0.047463592992959255	5.858655804074533	1.2967167749728383
51	0.24741828372992766	17.072270993222556	0.6825084644954358	2.407588463383792	2.1095470795716653	0.198289884050773	0.2630368309922992	0.2231576296243946	0.14693539407372055	3.2759501634268604	41.859029563633094	0.7783703347983372	17.58845479209029	5.988226534985807	0.046895907093837175	5.83142191633562	1.2808977644916326
52	0.24594356992493185	17.304731880503464	0.6745459068680643	2.3922924876389304	2.0847358048297218	0.197494399758315	0.26025546529263893	0.22143964865213492	0.14725386545345945	3.2533166589143585	41.94644679439131	0.7793900992099546	17.451380399010944	5.924552589154741	0.046351278009698835	5.804182120133694	1.265687032253674
53	0.24449731700551264	17.535382970989502	0.6668255013537445	2.3771136259221533	2.060893029246073	0.1966960945420267	0.25759257284756576	0.21974345200101852	0.14756051098653164	3.231307007004861	42.02969726132942	0.7803529973177705	17.316091299315985	5.862416437877758	0.045828422198976704	5.776947961473322	1.2510535385878185
54	0.24307861571221817	17.764271591364203	0.65933815612703	2.362054119499834	2.0379673320303846	0.1958953821265273	0.25504045524160135	0.21806894841828345	0.14785560526141947	3.2098805853792642	42.10891076780756	0.7812602232422565	17.18257817307744	5.801775560580273	0.04532613515635068	5.7497303719112605	1.2369679770641353
55	0.24168659658468164	17.991442776150343	0.6520751376671321	2.347115986892115	2.0159103003635614	0.19509265666345965	0.2525919856473613	0.21641603199932705	0.1481394149970169	3.1890011793540656	42.18421018180166	0.7821129695648528	17.05083059810464	5.742588527517369	0.04484328619511467	5.722539698936198	1.223402671561145
56	0.24032042765378267	18.216939407603586	0.645028056995691	2.3323010367482353	1.99467634697593	0.1942882936140596	0.2502405642286471	0.21478458336925607	0.14841219935066527	3.168636394996276	42.255712109694485	0.7829124229630492	16.92083714239122	5.684814983430907	0.044378813744256715	5.695385733688449	1.2103314825515394
57	0.23897931218953958	18.440802354475984	0.638188855463332	2.317610880734809	1.9742225281575336	0.19348265063864553	0.24798007469750907	0.21317447085356925	0.1486742102279433	3.148757139811978	42.32352750500539	0.783659760599218	16.792585455609366	5.628415628793399	0.04393172067631379	5.668277738865087	1.1977297132004208
58	0.2376624871710276	18.663070566775243	0.631549794628409	2.303046942448335	1.9545084188140125	0.19267606821670547	0.24580485520936105	0.2115855512782803	0.1489256924983533	3.1293372981959213	42.38776205626497	0.7843561479854025	16.66606233156336	5.573352205091966	0.04350107111383281	5.641224468145885	1.1855740445989742
59	0.23636922121240472	18.883781203760172	0.6251034425766098	2.288610469465392	1.9354959437401027	0.19186887048575998	0.24370965904418723	0.21001767105110272	0.1491668842872	3.1103532870815305	42.44851671692021	0.7850027360325361	16.541253792576768	5.519587474880582	0.04308598611682622	5.614234192469768	1.1738424482988872
60	0.23509881266818208	19.102969751918426	0.618842660866834	2.2743025445572114	1.9171492213724883	0.19106136602737583	0.24168961896015004	0.2084706671575644	0.14939801724874843	3.09178368489604	42.50588815773321	0.7856006587785758	16.418145167153327	5.467085201330216	0.04268563970407412	5.587314724626843	1.1625141050007763
61	0.23385058808295422	19.320670122641886	0.6127605931631681	2.260124095114317	1.8994344335395748	0.1902538485345382	0.2397402184243591	0.2069443679853402	0.1496193167977872	3.073608969776058	42.55996909905065	0.7861510320370091	16.296721154134662	5.415810128684405	0.04229925555498756	5.560473440101313	1.1515693363770345
62	0.2326239008029161	19.53691474010133	0.6068506546129766	2.2460759017329597	1.8823197077109177	0.18944659742479575	0.23785726623467104	0.20543859406593942	0.14983100232224011	3.0558113093779	42.61084858658759	0.7866549524807508	16.176965880344724	5.365727962803118	0.04192610404071098	5.533717296192389	1.1409895431641077
63	0.2314181296145104	19.751734627223488	0.6011065212471353	2.2321586066805876	1.8657750015505643	0.1886398784478708	0.23603687193363182	0.20395315880059492	0.15003328739390648	3.038374362260714	42.6586122553552	0.7871134968359933	16.058862956960066	5.316805351105043	0.04156549931967735	5.507052850944827	1.130757144326226
64	0.23023267742163867	19.965159489100365	0.5955221194805933	2.2183727221742324	1.8497719906704428	0.18783394428311026	0.23427542220954245	0.20248786916449293	0.15022637997573232	3.021283093262	42.703342578843525	0.7875277212039007	15.942395534149284	5.269009862036109	0.04121679652025659	5.480486281744277	1.120855517760543
65	0.2290669700121402	20.17721779079348	0.5900916160211791	2.20471863818839	1.8342839635596062	0.18702903510728272	0.2325695592394214	0.20104252636348874	0.15041048261881929	3.0045236156448007	42.74511908875822	0.7878986606064934	15.827546351959908	5.222309964455397	0.040879389112653576	5.454023402965459	1.1112689445933044
66	0.22792045492339644	20.38793682887672	0.584809408274725	2.191196629726002	1.8192857245888776	0.18622537912795592	0.2309161611492447	0.199616926437671	0.15058579264754066	2.9880830606816793	42.784018564116366	0.7882273287533414	15.714297787015731	5.176675007117119	0.04055270649240345	5.427669682524555	1.1019825575467206
67	0.22679260038526422	20.597342797954447	0.5796701151536428	2.177806863659418	1.8047535035313207	0.18542319308950445	0.22931232415636746	0.19821086082216124	0.15075250233526377	2.9719494667433515	42.82011519824817	0.7885147179586004	15.60263189584211	5.132075198230928	0.04023621173423741	5.401430257558634	1.0929822925966381
68	0.22568289432195618	20.80546085322878	0.5746685682058138	2.1645494052340855	1.7906648702370618	0.1846226827578798	0.22775534602059688	0.19682411687412335	0.1509107990728464	2.956111681656407	42.85348075049114	0.7887617991546664	15.492530455525491	5.088481585074742	0.03992939948043075	5.3753099494258665	1.0842548432381776
69	0.2245908434087705	21.01231516936603	0.5697998030545788	2.1514242242530566	1.77699865416003	0.18382404338521813	0.22624271070379462	0.19545647836797048	0.1510608655302967	2.940559276584851	42.88418468440273	0.7889695219863415	15.38397500186535	5.045866033699326	0.03963179395530699	5.3493132780611585	1.0757876172152503
70	0.2235159721443042	21.217928998106174	0.5650590507864911	2.1384312012009516	1.7637348653952027	0.1830274601739592	0.22477207360693682	0.1941077259791294	0.1512028798184711	2.925282468046314	42.91229429810454	0.7891388149925994	15.276946866584112	5.0042012078306755	0.039342947023629664	5.323444476293622	1.0675686939129498
71	0.2224578221050749	21.422324714274616	0.5604417308709593	2.125570132196363	1.750854631443568	0.182233108655754	0.22334124999012986	0.19277763766950073	0.151337015621288	2.910272060689268	42.937874824523554	0.7892705858254045	15.171427206922404	4.963460550946401	0.039062436641328725	5.29770750151506	1.0595867901093867
72	0.22141595113256834	21.625523865724475	0.5559434433240665	2.112840734413285	1.738340128462072	0.18144115510906114	0.2219482025563004	0.1914659891049847	0.15146344234162637	2.8955193883473944	42.96098953794366	0.7893657215361005	15.067397037654658	4.923618266003865	0.03878986517521133	5.27210604852395	1.0518312226467772
73	0.2203899325603878	21.82754722049486	0.5515599611205312	2.1002426512576897	1.7261745162128834	0.18065175696146898	0.2205910299149918	0.1901725540485142	0.1515823252421401	2.8810162620076	42.98169985214237	0.7894250889037548	14.964837261173423	4.884649295267243	0.03852485781815359	5.246643561879278	1.0442918729947663
74	0.2193793545106258	22.028414809387943	0.5472872231430871	2.0877754571016496	1.7143418792009157	0.17986506316152726	0.21926795636224802	0.1888971047134286	0.15169382557569375	2.8667549263623524	43.00006540670102	0.7894495347900254	14.863728694480033	4.846529300990405	0.038267061160345985	5.22132324729604	1.0369591550627215
75	0.21838381924263653	22.228145965035925	0.5431213275355186	2.0754386616804736	1.7028271725594573	0.1790812145277127	0.217977322672495	0.18763941208615437	0.15179810070807137	2.852728022724597	43.016144144540185	0.7894398865134165	14.764052093777266	4.80923464669505	0.03801614188040774	5.196148082319616	1.029823985501073
76	0.2174029425354163	22.42675935864789	0.5390585253020442	2.063231714272721	1.6916161710743165	0.1783003440833253	0.21671757757465152	0.18639924622815812	0.15189530423602	2.8389285561329127	43.02999238382249	0.7893969522388885	14.665788177435243	4.772742378711316	0.03777178551619179	5.171120826551922	1.022877755636555
77	0.21643635309764037	22.624273034821808	0.5350952141090816	2.0511540076995423	1.6806954208327465	0.1775225773798988	0.21548726979862357	0.18517637656036925	0.1519855861015287	2.825349865771115	43.04166488537658	0.7893215213790902	14.568917647579486	4.737030207907305	0.03753369530224867	5.146244031509961	1.0161123047730367
78	0.215483692032404	22.820704442848786	0.5312279325843585	2.0392048819578394	1.670052195694328	0.17674803279390108	0.2142850410363118	0.18397057211724782	0.15206909269695643	2.811985599751025	43.05121491279883	0.7892143649845945	14.473421209331558	4.7020764925112415	0.03730159112637088	5.121520049653862	1.0095198960804566
79	0.21454461227729527	23.01607046920084	0.5274533542849975	2.0273836280237765	1.6596744520758087	0.17597682184005084	0.21310961873758746	0.18278160180877673	0.1521459669763243	2.7988296901056655	43.058694294451335	0.7890762361748898	14.37927959060905	4.667860219597099	0.03707520844853995	5.096951043905379	1.0030931914826542
80	0.21361877806406146	23.210387468535295	0.5237682817889782	2.015689491525563	1.6495507857532352	0.175209049477503	0.21195980936662343	0.18160923466811946	0.1522163485644576	2.785876330354832	43.06415348224979	0.788907870583113	14.28647356078702	4.634360986502586	0.03685429727178111	5.072538996929469	0.9968252275776418
81	0.21270586447259804	23.403671288919263	0.5201696417310365	2.004121675775052	1.6396703966782982	0.17444481436648346	0.21083449304825566	0.18045324005038282	0.15228037384889334	2.773119958559192	43.06764159929572	0.7887099867510532	14.194983945615357	4.601558984753437	0.036638621307685894	5.048285718892162	0.9907093959352126
82	0.21180555700845774	23.595937295480528	0.5166544800496706	1.9926793446363835	1.6300230559774807	0.17368420911378485	0.20973261862827833	0.17931338781691453	0.15233817606811334	2.7605552420572717	43.06920648463945	0.7884832865188753	14.104791641009673	4.569434984370895	0.03642795719598237	5.024192854866997	0.9847394245613196
83	0.2109175511792443	23.78720039395919	0.513219957192792	1.9813616253977948	1.6205990730923336	0.17292732052037738	0.20865319880164135	0.17818944851723575	0.15238988540077658	2.7481770625230197	43.06889473807838	0.7882284554243488	14.015877626637023	4.537970317844222	0.03622209372880638	5.000261892295043	0.978909359407848
84	0.2100415520727376	23.977475053976445	0.5098633433081022	1.9701676116270959	1.6113892633149254	0.17217422982975458	0.2075953053561548	0.17708119356694665	0.1524356290554889	2.7359805015764467	43.06675176460911	0.7879461631111562	13.928222979167616	4.507146863822607	0.036020831085936865	4.976494168455235	0.9732135460643143
85	0.20917727395911193	24.166775330710156	0.506582013656543	1.9590963658584362	1.6023849175428497	0.17142501296463217	0.20655806482628838	0.1759883954108777	0.15247553135673816	2.7239608279970624	43.062821816033285	0.7876370637300518	13.841808884379443	4.47694703123997	0.03582398012472544	4.952890877567892	0.9676466126420081
86	0.20832443992403965	24.35511488460174	0.5033734443283322	1.9481469220631764	1.593577774782812	0.17067974074795447	0.20554065463119528	0.1749108276684947	0.1525097138255514	2.7121134867062535	43.05714802906574	0.7873017963255979	13.756616647892429	4.447353744140022	0.03563136173711491	4.929453077409332	0.9622034541502825
87	0.20748278152560543	24.54250699954318	0.5002352081963176	1.9373182879518709	1.5849599967866612	0.16993847911171753	0.20454229958134262	0.17384826526535124	0.15253829525609233	2.7004340889837186	43.04977246087551	0.7869409852104212	13.67262770482465	4.418350427049507	0.035442806258565704	4.906181695546121	0.956879218033436
88	0.20665203846560762	24.728964600119316	0.49716497101249185	1.926609447170799	1.5765241440247175	0.16920128929857087	0.20356226861538418	0.17280048455536018	0.1525613917899404	2.6889184033688633	43.04073612318158	0.7865552403320686	13.589823628735418	4.38992099064531	0.035258152909570156	4.883077535341164	0.9516692904339098
89	0.20583195827260126	24.914500268070213	0.49416048762152087	1.9160193614108805	1.5682631527683522	0.16846822805757525	0.20259987172729016	0.1717672634352544	0.1525791169885349	2.6775623471099896	43.03007901519995	0.7861451576340337	13.508186139960285	4.362049817647788	0.03507724926419887	4.860141281773919	0.9465692830576853
90	0.2050222959983239	25.099126257886923	0.491219598309974	1.9055469724180976	1.5601703134018496	0.16773934783313693	0.20165445710144836	0.17074838145060564	0.15259158190342595	2.6663619782441264	43.01784015523986	0.7857113194096093	13.427697113291448	4.334721749007361	0.0348999507484977	4.837373507045508	0.9415750207098802
91	0.20422281393154176	25.282854511301487	0.4883402253357624	1.895191203876465	1.5522392503020452	0.16701469694486729	0.20072540850798226	0.16974361989125877	0.15259889514356825	2.6553134884628453	43.00405761053948	0.7852542946454076	13.348338584840226	4.30792207051201	0.034726120176803044	4.8147746758994	0.9366825296889196
92	0.2034332813261573	25.46569667088812	0.48552036960911826	1.8849509631863137	1.5444639029813376	0.16629431975983966	0.19981214290174112	0.1687527618783019	0.15260116294012202	2.644413196561553	42.98876852569357	0.7847746393553426	13.270092758247493	4.281636499771379	0.034555627318451	4.7923451507047625	0.9318880268764669
93	0.20265347414130946	25.647664092919893	0.4827581075037347	1.8748251431530605	1.5368385082952276	0.16557825685837935	0.19891410818859476	0.1677755924437909	0.15259848920915683	2.633657542326097	42.972009149948505	0.7842728969060042	13.19294201033593	4.255851173527036	0.034388348489997944	4.77008519633759	0.9271879094157651
94	0.20188317479297133	25.82876785951222	0.480051587793846	1.8648126235892435	1.5293575836730946	0.1648665451936295	0.19803078115078915	0.16681189860342213	0.15259097561235535	2.623043080823516	42.953814863429656	0.7837495983336741	13.116868896218852	4.2305526352775935	0.03422416617192289	4.74799498486685	0.922578744956434
95	0.20112217191713347	26.009018790054313	0.47739902871924583	1.8549122728292018	1.5220159113709795	0.1641592182447899	0.19716166552976042	0.16586146942218852	0.15257872161567756	2.612566477100761	42.93422020228371	0.7832052626527838	13.041856153869057	4.205727823231735	0.034062968649736396	4.72607460004279	0.9180572624662064
96	0.2003702601441392	26.188427451965268	0.47479871517525485	1.8451229491597005	1.514808523694476	0.16345630616417514	0.1963062902557731	0.16492409607342304	0.1525618245460218	2.602224501262597	42.91325888277561	0.7826403971557482	12.967886708180037	4.181364058594313	0.033904649678177495	4.704324041592574	0.913620343582787
97	0.1996272398832888	26.36700417083675	0.47224899601988385	1.8354435021727562	1.5077306891051332	0.1627578359184895	0.19546420780811913	0.16399957189182626	0.15254037964600978	2.5920140238741776	42.8909638244356	0.7820554977044034	12.894943674566358	4.157449034175221	0.03374910816635043	4.682743229335979	0.9092650144597222
98	0.1988929171169576	26.544759040013002	0.4697482814912332	1.8258727740458673	1.5007778991397493	0.16206383142467878	0.19463499269299858	0.1630876924209368	0.152514480127017	2.5819320116453546	42.86736717233897	0.7814510490133588	12.823010362138886	4.133970803308125	0.03359624788206141	4.661332007132507	0.9049884380683623
99	0.19816710320378703	26.72170192963869	0.4672950407311083	1.8164096007527006	1.4939458561000152	0.16137431368056274	0.19381824003140416	0.16218825545532412	0.15248421722051725	2.571975523376068	42.84250031856134	0.7808275249254771	12.752070276476735	4.1109177690725955	0.03344597717430674	4.6400901466663145	0.9007879069331197
100	0.19744961469060776	26.897842495199754	0.4648877994118326	1.8070528132067272	1.4872304614769063	0.1606893008903952	0.1930135642505695	0.1613010610777581	0.15244968022778665	2.5621417061488683	42.816393922838316	0.7801853886796277	12.682107122015953	4.0882786738170775	0.0332982087130313	4.619017351073795	0.8966608362810576
