	II	IIa	M	P2
0	1.0	0.0	0.0	0.0
1	0.9559114459314262	0.0019361734976579283	0.04206438943876115	8.799113215481559e-05
2	0.9137666924626932	0.00740743584212464	0.07865378862843792	0.0001720830667444759
3	0.8734800402359727	0.015946323770265232	0.11032118827555693	0.00025244771820517187
4	0.8349695682541934	0.027132803383329292	0.1375683789409641	0.0003292494215132075
5	0.7981569672985901	0.04058987072491716	0.16085051671014036	0.00040264526635240116
6	0.7629673806906235	0.05597954499856386	0.18058028889426397	0.00047278541654855014
7	0.7293292520744747	0.07299922001391775	0.19713171449618702	0.0005398134154204966
8	0.697174179910584	0.0913783424391221	0.21084361117262532	0.000603866477668713
9	0.6664367783843702	0.11087538817072382	0.22202275767651117	0.0006650757683949234
10	0.637054544447273	0.13127511061994412	0.23094677826296278	0.0007235666698201745
11	0.6089677307197675	0.15238603699999506	0.2378667732439938	0.000779459036243681
12	0.5821192239979016	0.17403819077599572	0.24300971778834188	0.0008328674377609061
13	0.5564544291163037	0.19608102034152053	0.2465806491489395	0.0008839013932364644
14	0.5319211579315023	0.21838151572237136	0.24876466075312098	0.0009326655930055871
15	0.5084695231998109	0.24082249669446237	0.24972871999396992	0.0009792601117570017
16	0.48605183713398387	0.26330105715147506	0.2496233251025112	0.00102378061203011
17	0.4646225144323621	0.2857271518813682	0.24858401514752962	0.0010663185387402747
18	0.44413797958332285	0.30802231311818606	0.24673274599336348	0.0011069613051277651
19	0.42455657825654436	0.33011848534287946	0.24417914393006787	0.001145792470508481
20	0.40583849260090055	0.3519569678105866	0.24102164767832507	0.0011828919101879041
21	0.38794566027674576	0.37348745520330545	0.2373485485420651	0.0012183359778837977
22	0.3708416970579553	0.39466716765357857	0.23323893762747838	0.0012521976609879098
23	0.35449182284632347	0.415460062141022	0.22876356828367225	0.0012845467289824273
24	0.33886279094788635	0.43583611797853294	0.2239856411982679	0.0013154498753129486
25	0.32392282046734305	0.45577068972975376	0.2189615189498968	0.0013449708530064953
26	0.3096415316831148	0.4752439215010322	0.2137413762115428	0.0013731706043103107
27	0.29598988427161904	0.49424021706511884	0.2083697912786471	0.001400107384615081
28	0.28294011825515075	0.5127477607835416	0.20288628408039316	0.0014258368809145518
29	0.27046569755328187	0.5307580847137282	0.19732580540794756	0.0014504123250424395
30	0.2585412560230021	0.5482656777220294	0.1917191816530517	0.0014738846019168835
31	0.24714254587786766	0.5652676327614483	0.18609351900767157	0.0014963023530125648
32	0.23624638838127954	0.5817633288487115	0.18047257069473815	0.0015177120752708803
33	0.22583062671361953	0.5977541445414152	0.174877070529316	0.0015381582156493185
34	0.2158740809174102	0.6132432000464189	0.16932503577466873	0.0015576832615022823
35	0.206356504828874	0.6282351252923742	0.1638320420517746	0.0015763278269771586
36	0.1972585449083188	0.6427358515960178	0.1584114727600621	0.0015941307356013086
37	0.18856170088563542	0.6567524247014283	0.1530747453137083	0.0016111290992279104
38	0.1802482881408719	0.6702928372265697	0.1478315162390571	0.0016273583935012056
39	0.1723014017434007	0.6833658786815383	0.14268986704506645	0.0016428525299945795
40	0.1647048820765413	0.695981001419669	0.13765647257862149	0.0016576439251681891
41	0.15744328197774748	0.7081482010096202	0.13273675344634595	0.0016717635662863398
42	0.15050183532753386	0.7198779096639915	0.12793501393404594	0.0016852410744286669
43	0.1438664270232725	0.7311809014769608	0.12325456673504341	0.0016981047647232409
44	0.13752356427680076	0.7420682083394275	0.11869784567984752	0.0017103817039240848
45	0.13146034917747657	0.7525510455008815	0.11426650755619179	0.0017220977654501801
46	0.12566445246488844	0.7626407458418116	0.10996152401130202	0.0017332776819978847
47	0.1201240884578893	0.7723487020052013	0.10578326444107565	0.001743945095833743
48	0.11482799108897246	0.7816863156137007	0.10173157069045695	0.001754122606869961
49	0.10976539099525767	0.7906649528697625	0.09780582431635973	0.0017638318186203015
50	0.10492599361950233	0.7992959059006823	0.09400500709768564	0.0017730933821298509
51	0.10029995827660741	0.8075903592692697	0.09032775541615512	0.0017819270379679862
52	0.09587787814305096	0.8155593611244925	0.08677240907608688	0.0017903516563699334
53	0.0916507611285585	0.8232137985152468	0.08333705508058632	0.001798385275608541
54	0.08761001159111377	0.8305643764348652	0.08001956683534679	0.0018060451386742995
55	0.08374741285812835	0.8376216002044538	0.07681763920907986	0.00181334772833819
56	0.08005511051822746	0.8443957608400049	0.07372881984109912	0.0018203088006686636
57	0.0765255964496769	0.8508969230817754	0.07075053705147688	0.001826943417070906
58	0.0731516935529735	0.857134915794941	0.06788012467717205	0.0018332659749135355
59	0.06992654115655363	0.8631193244783137	0.06511484412832781	0.0018392902368050167
60	0.06684358106594279	0.8688594856431683	0.06245190393230987	0.0018450293585793173
61	0.06389654422797818	0.8743644828471959	0.059888477008778494	0.001850495916047718
62	0.061079437982986325	0.8796431441894885	0.057421715896954266	0.0018557019305711754
63	0.058386533878993785	0.8847040410914395	0.05504876613606176	0.0018606588935052354
64	0.05581235602319167	0.889555488205695	0.05276677798154646	0.0018653777895672038
65	0.05335166994696728	0.8942055443109576	0.0505729166229023	0.0018698691191730967
66	0.05099947196186036	0.8986620140646728	0.048464371053677194	0.0018741429197897815
67	0.048750978984799874	0.902932450498542	0.046438361730312565	0.0018782087863457382
68	0.04660161881193138	0.9070241581535264	0.04449214714380037	0.0018820758907419355
69	0.04454702082125729	0.9109441967616404	0.04262302941659992	0.0018857530005025032
70	0.042583007085184275	0.9146993853914658	0.040828359026746947	0.0018892484966031222
71	0.04070558387490558	0.9182963069830622	0.03910553875151889	0.0018925703905133867
72	0.03891093353934291	0.9217413132058587	0.03745202691431066	0.0018957263404877943
73	0.037195406742133924	0.9250405295802794	0.035865340010448304	0.0018987236671384885
74	0.035555515040879816	0.9281998608103432	0.03434305478045556	0.0019015693683214218
75	0.03398792379356309	0.9312249962803433	0.03288280979272748	0.0019042701333662107
76	0.03248944537771116	0.9341214156740123	0.03148230659159794	0.0019068323566786148
77	0.031057032708517143	0.936894394679377	0.030139310461362635	0.0019092621507433049
78	0.029687773042737432	0.9395490107468221	0.028851650851887213	0.0019115653585533546
79	0.028378882055766403	0.9420901488717934	0.027617221506948557	0.0019137475654917367
80	0.02712769817984435	0.9445225073770812	0.02643398033238565	0.0019158141106889795
81	0.025931677191885643	0.9468506036727957	0.025299949037438707	0.0019177700978800821
82	0.024788387039921735	0.9490787799749976	0.024213212579298135	0.0019196204057827626
83	0.023695502897638783	0.9512112089665054	0.023171918437837977	0.0019213696980181446
84	0.02265080243695359	0.9532518993857082	0.02217427574474433	0.0019230224325940558
85	0.021652161309014803	0.9552047015312727	0.021218554288742447	0.0019245828709702206
86	0.020697548824440273	0.9570733126724823	0.020303083416353847	0.0019260550867237828
87	0.01978502382400647	0.9588612823566052	0.01942625084555575	0.001927442973832776
88	0.018912730731393237	0.960572017606162	0.01858650140785055	0.0019287502545943904
89	0.01807889577995735	0.9622087880002838	0.017782335732564967	0.0019299804871941316
90	0.01728182340586213	0.9637747306355252	0.017012308885671554	0.0019311370729412686
91	0.016519892800228794	0.9652728549625417	0.016275028974044422	0.0019322232631852803
92	0.015791554613298443	0.966706047495961	0.015569155724813367	0.001933242165927366
93	0.015095327803902797	0.968077076395603	0.014893399048353904	0.0019341967521404643
94	0.0144297966278372	0.9693885959179184	0.014246517592433942	0.0019350898618106303
95	0.013793607759011912	0.9706431507371551	0.013627317294121097	0.0019359242097120595
96	0.013185467537527666	0.9718431801363164	0.013034649935228607	0.0019367023909274963
97	0.012604139339079617	0.9729910220684611	0.01246741170633429	0.0019374268861252588
98	0.012048441060340448	0.9740889170893179	0.011924541783738273	0.001938100066603604
99	0.011517242715209298	0.9751390121625538	0.011405020923124438	0.0019387241991126976
100	0.011009464137038615	0.9761433643393462	0.01090787007315148	0.001939301450463987
