	s1	s10	s11	s12	s13	s14	s15	s16	s17	s2	s3	s4	s5	s6	s7	s8	s9
0	100.0	0.0	0.0	0.0	0.0	0.0	0.0	0.0	0.0	0.0	0.0	0.0	0.0	0.0	0.0	0.0	0.0
1	1.7130976556354622	0.4210586580430131	0.5690268082723922	3.754279563140558	2.10005434805348	0.20742226480899448	0.4521997558910351	0.20491804008144096	0.15670525300175994	39.0404162790237	23.200161024891955	1.6619046405196432	11.213556106513034	5.002392248485883	0.10073289709827603	5.419258269193028	4.782816187346342
2	1.0923826872382196	0.926514911004221	0.6027477880187497	3.6178117150154208	2.1415648094862347	0.22031312257289237	0.4636422465480989	0.21471339730835304	0.16780986031815998	22.64090827258983	39.58612185499583	1.0631125761726352	11.281639620357812	5.3422997222232524	0.10356206219047075	5.787491365741831	4.747363988217977
3	0.7801674398624054	1.4258985586718735	0.622138589325859	3.4040313257364403	2.1294326891452333	0.22801158517274317	0.46347033304499996	0.21925983889004286	0.17507905148429928	13.538997746332342	48.97810280661393	0.6832966846525157	11.070201283962836	5.55875329312826	0.10379922691757033	6.021982734222249	4.597376812836378
4	0.5998853661064385	1.9105478550479384	0.6333322864240544	3.1617144146034875	2.0887050204332436	0.2327357881166446	0.45700802957923664	0.22083549861672921	0.18014948355931107	8.465580467821722	54.48088190076966	0.47183819468416033	10.716947840976404	5.704411410955147	0.10262245166988712	6.179779028534711	4.393024962101171
5	0.49407606857727476	2.3764150812861726	0.6397692969565472	2.916513784166282	2.0333406057004972	0.2357298639147176	0.4472289302067103	0.22071824697665945	0.1839386365976955	5.62216228025057	57.80849382413783	0.354015367198303	10.298031961548476	5.808799398908911	0.10069031321575504	6.292866015484623	4.167210324872918
6	0.4299188404811322	2.82200276997633	0.6433794354272773	2.6812798462311247	1.9710768103170277	0.2376915668659418	0.4357875652873266	0.21962462871933724	0.18696066100061212	4.014898254319308	59.91062749161866	0.2880464122959988	9.855108251855023	5.888467963876252	0.09836983374611671	6.379173627532575	3.937586040449888
7	0.38921245096024976	3.2471737855046108	0.6452477516676968	2.4618786168339857	1.906176491378653	0.23901311001956296	0.42360138813873055	0.21795727034024553	0.18950417225791455	3.093897876180159	61.31421903814484	0.25081394127688966	9.410610593527077	5.952712527556504	0.0958650833367683	6.4487719048528485	3.7133439980231824
8	0.36185605265385606	3.6524950588445164	0.6459905143445557	2.2604483932375254	1.8409771449806944	0.2399171712402067	0.41117906725557046	0.2159445405405398	0.1917326804971176	2.5548180622648227	62.312254280557184	0.22952722189340508	8.976361049665103	6.006803592378445	0.09328973083426247	6.507370558409948	3.499034880402153
9	0.3422320530903191	4.038877864426737	0.6459633673505949	2.0771865158606935	1.7767485908370784	0.24053218902020632	0.3988022608353125	0.21371787725321334	0.19374018761282272	2.2291397222495313	63.06820068840525	0.21710739092634374	8.558333497856173	6.053775077874787	0.09070721599383764	6.558256334364327	3.2966791660426633
10	0.3272052046778956	4.407381921836952	0.6453765756227066	1.911324257364231	1.71416785693053	0.24093404857106457	0.3866262769565331	0.21135460617925317	0.19558196476242967	2.0234814760605495	63.673776844634155	0.20963509128806906	8.159288679284732	6.095414336840328	0.08815299623100789	6.603365531576994	3.1069323311824673
11	0.3150156943776165	4.759109914674356	0.644358873003874	1.761654163970189	1.6535822819829877	0.24116917520617176	0.3747358573840108	0.20890166867389412	0.19729160002088808	1.8860343192907862	64.1809132898834	0.20493879722530803	7.780231765769411	6.132810550590269	0.0856468762076494	6.643878096472765	2.929727075266348
12	0.3046667035703739	5.095151836192196	0.642992873201076	1.6268111854244522	1.5951554298795698	0.24126734106673964	0.36317612906353997	0.20638878680272074	0.1988904500435217	1.7879961664799497	64.61943846188628	0.20181402143098745	7.421218516003239	6.166658796638441	0.08319984977665128	6.680547029691617	2.7646264228485573
13	0.2955854680953283	5.416556721602628	0.6413347438844498	1.5054188000610957	1.5389481395463105	0.24124877936153294	0.3519698103724229	0.20383578246462355	0.20039288841711972	1.7133024947103952	65.00686874413549	0.1995914466113244	7.08180100419665	6.19742891348925	0.0808179044007839	6.713881322946663	2.6110170357038527
14	0.2874356245263122	5.7243193650950515	0.6394251688467638	1.396161509880854	1.4849636545970935	0.24112814733606214	0.34112680523458105	0.20125665973996693	0.20180922730505402	1.6529454305945077	65.35383074053931	0.19789803959653463	6.761273881014572	6.225459523274323	0.07850414338668636	6.7442478168805	2.4682142621517436
15	0.2800132478539329	6.019375171221863	0.6372954843141955	1.2978175347915488	1.4331728461417654	0.2409167437289545	0.3306495782055558	0.19866189385866648	0.20314735047644747	1.6018306833226263	65.66706714347347	0.19652490127115643	6.458810211432379	6.25101060240378	0.07625997576255873	6.771928152604079	2.3355184791369363
16	0.2731891939845798	6.302599360484213	0.6349711394311107	1.2092703133645641	1.3835283899097484	0.2406237584586211	0.32053618811300016	0.1960597254012931	0.2044136320333233	1.5570381920356673	65.95110550682779	0.19535415171126166	6.173536157089978	6.274293073191953	0.0740857887149306	6.797150829291263	2.212244599956614
17	0.2668770679341303	6.574808446705084	0.6324736706976237	1.1295090101790315	1.3359728026476374	0.24025698492033978	0.3107820195481401	0.1934569017047189	0.2056134586305866	1.516859225851295	66.20918692089649	0.19431846861145075	5.904571768531992	6.295485638548325	0.07198133224771697	6.820109441760664	2.097736840584677
18	0.2610153790352449	6.836762842448918	0.6298218489957227	1.0576235902187312	1.2904430542750718	0.23982323313647855	0.30138078778639676	0.19085911017004203	0.20675153109624364	1.480263005965564	66.44378482977676	0.19337868764861318	5.6510529817754875	6.314744518038555	0.06994594325142883	6.84097322787508	1.9913754285055902
19	0.25555755536380453	7.089169967595602	0.6270323640123138	0.9927974637312089	1.246873261471523	0.23932857571311122	0.29232513615999267	0.18827123903593593	0.20783204286900536	1.4466009660326984	66.65689668810491	0.1925113945912443	5.412143180028106	6.332209218982553	0.06797867947566862	6.85989332056441	1.892578946267862
20	0.25046631632098976	7.332687522803739	0.6241202483107132	0.9342992987772244	1.2051962983644833	0.23877849975332796	0.2836070029441768	0.18569754080029877	0.2088587892480129	1.4154425165257742	66.85020954944281	0.19170204551402859	5.187038955517086	6.348006079564819	0.06607840252734029	6.8770065861952	1.8008043473899376
21	0.2457104658652054	7.567926747796125	0.6210991533448705	0.8814748280765197	1.1653447890985442	0.2381780053371107	0.2752178562368004	0.18314174005679684	0.20983523742123544	1.386483606233241	67.02519553965479	0.1909411462226309	4.97497264407142	6.362250548050601	0.06424383165235364	6.892438093721463	1.715545767160271
22	0.24126303376247682	7.795455571557657	0.6179815399137901	0.833739056882021	1.1272517416489667	0.2375316731649699	0.2671488517913717	0.18060710901271684	0.21076457393921955	1.3594956052675917	67.18316819945636	0.19022212523764948	4.7752130631015355	6.375048734393969	0.06247358044223606	6.906302795593441	1.6363327448339584
23	0.2371001706576117	8.015801609409918	0.6147788179736395	0.7905690519983465	1.0908509683807666	0.23684371398662254	0.25939094464285517	0.17809652370621967	0.2116497389357907	1.3342965419255166	67.32531686713125	0.18954014485853088	4.587065250813258	6.386498533609248	0.06076618327749942	6.918706744743329	1.5627281939495161
24	0.2332004674913427	8.229454988075059	0.6115014554348169	0.751497371714887	1.0560773756472106	0.23611800690573836	0.25193497197728915	0.1756125082576557	0.2124934523151033	1.3107347507471518	67.45272862880091	0.18889143233253747	4.409869653421145	6.3966904889565965	0.05912011536174621	6.929748029702957	1.4943263028577585
25	0.2295445162830435	8.436870993977728	0.6081590670830608	0.7161061343061937	1.022867169560388	0.23535813058206131	0.24477171725005675	0.1731572713328867	0.21329823485910865	1.2886794279084264	67.56640313319708	0.18827289982570558	4.243001012041863	6.405708490113027	0.05753380855563911	6.939517530955756	1.4307504621678717
26	0.22611461039531933	8.63847254755419	0.6047604900413107	0.6840216922962464	0.9911580054398041	0.2345673896446571	0.23789196140245011	0.17073273723889137	0.21406642594995715	1.2680150454255767	67.66726322550461	0.18768192514427917	4.085867092245984	6.4136303609726895	0.056005664302208845	6.948099557720389	1.3716512687213234
27	0.22289452733616302	8.834652510060938	0.6013138495477242	0.6549098666159462	0.960889097420042	0.23374883767528834	0.23128652469191616	0.16834057308737463	0.21480019889818033	1.2486379343813523	67.75616305626505	0.18711622228469404	3.937907338499216	6.4205283690729	0.0545340644195628	6.955572399828952	1.3167046299146008
28	0.21986936202819715	9.025775831571407	0.5978266173542791	0.6284716897288628	0.932001298481289	0.23290529758928466	0.22494630133906954	0.16598221291313972	0.2155015744758164	1.230454098525943	67.83389460250558	0.18657376246983157	3.7985915012967415	6.426469676034965	0.05311738024772535	6.96200881570452	1.2656099777332335
29	0.21702539237495777	9.212181548974824	0.594305664192442	0.6044396085128546	0.9044371575523823	0.23203937993168505	0.218862288425726	0.16365887931178627	0.21617243302651692	1.2133777368898753	67.90119313553996	0.18605272386243357	3.6674182656583385	6.431516741088376	0.0517539804664248	6.967476469512381	1.2180885946789213
30	0.2143499665917168	9.394184643505666	0.5907573072869059	0.582574099106555	0.8781409582759805	0.23115349943834348	0.21302561004759502	0.1613716029866152	0.21681452540108065	1.1973301833919106	67.95874194900462	0.18555145778410181	3.543913898142	6.435727685766449	0.05044223780617809	6.972038326246959	1.1738820492172344
31	0.21183140611087542	9.572077766804236	0.5871873536047787	0.5626606503109532	0.8530587427468146	0.23024989010604424	0.20742753745251977	0.15912124048286738	0.21742948288995947	1.1822390998471564	68.00717653427405	0.18506846465652135	3.4276309231419493	6.439156625376707	0.0491805348147947	6.97575301082474	1.1327507365549379
32	0.20945892027969673	9.74613284430686	0.5836011393603407	0.5445070757729313	0.8291383227551277	0.22933061895552445	0.20205950573186046	0.15690849032342843	0.2180188262805345	1.1680378294983755	68.04708832029603	0.1846023758469746	3.3181468351953023	6.441853971435648	0.04796726880565345	6.978675135721929	1.0944725194337135
33	0.2072225304542499	9.916602564214672	0.5800035661837514	0.5279411194222637	0.806329280537695	0.228397598631298	0.19691312751993156	0.15473390771654374	0.21858397413821393	1.1546648577824108	68.0790280541322	0.1841519392556435	3.2150628515825357	6.4438667083249355	0.04680085608934208	6.980855600685324	1.0588414633289307
34	0.2051130018803108	10.083721759809608	0.5763991342910272	0.5128083221588121	0.7845829606998813	0.22745259895680245	0.1919802040839931	0.15259791797813807	0.21912625039231048	1.1420633489475915	68.10350887516556	0.18371600739570257	3.1180027080230133	6.445238646837687	0.045679735574318946	6.982341867407474	1.0256666603976858
35	0.2031217822065782	10.247708692794651	0.5727919729505707	0.4989701207240857	0.7638524546980133	0.2264972575483672	0.18725273413279112	0.15050082879440593	0.21964689129688925	1.1301807395115364	68.12100912257635	0.18329352723245856	3.0266114988017643	6.446010656934008	0.044602371810681676	6.983178211678489	0.9947711363082923
36	0.20124094578757773	10.408766244302594	0.5691858684902695	0.4863021537164648	0.7440925790675443	0.2255330895734286	0.18272292062298498	0.14844284142938488	0.22014705182434366	1.1189683767180678	68.13197490573704	0.18288353133979746	2.9405545623732205	6.446220881615874	0.04356725754001613	6.983405955083842	0.9659908347774652
37	0.19946314309526436	10.567083020099608	0.5655842900682159	0.4746927518430465	0.7252598484339945	0.2245614967309619	0.17838317581347218	0.14642406097358215	0.220627811544204	1.1083811940435757	68.13682246231714	0.18248513009213374	2.859516412726118	6.445904933660048	0.04257291580810517	6.983063678131695	0.9391736746187471
38	0.19778155468251069	10.722834376072386	0.5619904134051703	0.46404159217761487	0.7073124441921038	0.22358377552332961	0.17422612478524854	0.14444450571913742	0.2210901800336452	1.0983774182060007	68.13594032489488	0.18209750470576805	2.7831997162973297	6.44509607674915	0.041617901690228644	6.9821874164782205	0.9141786743871655
39	0.1961898492256584	10.876183369669146	0.5584071426566135	0.4542584983480241	0.6902101796349808	0.22260112488161354	0.17024460762137086	0.1425041157385217	0.22153510186129546	1.0889183035413579	68.12969131405842	0.18171990099837834	2.711324313967399	6.443825392380524	0.04070080367367113	6.980810841745542	0.8908751399973409
40	0.19468214523923466	11.027281642540787	0.5548371305836328	0.44526237064391505	0.6739144622151759	0.22161465319997237	0.16643168041931067	0.14060276073586717	0.22196346118151167	1.0799678905257568	68.11841437370127	0.18135162376941097	2.643626287449313	6.4421219337861055	0.0398202447371222	6.978965428268255	0.8691419110031996
41	0.19325297610201236	11.176270239369776	0.5512827971686843	0.4369802316963225	0.6583882535301737	0.22062538482993085	0.16278061528924648	0.13874024723432804	0.22237608597312092	1.0714927857916083	68.10242626265561	0.18099203172492148	2.5798570690807408	6.44001286799206	0.03897488316261598	6.97668060699137	0.8488666614073314
42	0.19189725808631636	11.323280367267452	0.5477463468025587	0.4293463753495121	0.6435960275467968	0.21963426607862171	0.15928489947198435	0.13691632515444338	0.22277375195201524	1.0634619614658338	68.08202311479701	0.1806405328858864	2.5197825941022023	6.437523606993987	0.03816341311105644	6.973983907576789	0.8299452513573783
43	0.19061026109953255	11.468434100187674	0.544229784165529	0.42230160715521037	0.6295037275191607	0.21864217075380027	0.15593823370004725	0.13513069383700077	0.22315718618610966	1.055846571865934	68.05748187928963	0.18029658042675936	2.4631824940831057	6.434677928995184	0.03738456499040969	6.970901089744751	0.8122811260000365
44	0.18938758188288915	11.611845032335262	0.5407349289111257	0.41579256638575224	0.6160787219951844	0.21764990529338138	0.1527345299103087	0.1333830075576299	0.2235270704377853	1.0486197858500825	68.02906165123323	0.1799596688985043	2.409849330221546	6.4314980905429024	0.03663710564213762	6.967456264754785	0.7957847581473497
45	0.188225119450211	11.753618884095776	0.5372634292463861	0.4097711209914325	0.6032897602409419	0.2166582135121516	0.1496679084004615	0.1316728805740555	0.22388404425551844	1.0417566334064714	67.99700490153688	0.1796293307989522	2.359587865255113	6.428004930284244	0.03591983836777853	6.9636720078079035	0.7803731317755493
46	0.18711905255648126	11.89385406397913	0.5338167744999008	0.404193827291434	0.5911069273971786	0.2156677809974101	0.14673269451882728	0.129999891746013	0.22422870783577828	1.0352338651073356	67.9615386145922	0.1793051334543395	2.3122143726396636	6.424217965042783	0.03523160281700422	6.959569462129654	0.7659692633946588
47	0.1860658190066689	12.032642189952226	0.530396306762857	0.3990214472729607	0.5795015995912195	0.2146792391831679	0.14392341495913197	0.12836358876457477	0.22456162467480578	1.0290298232116042	67.92287534168305	0.17898667618092698	2.267555981275899	6.420155478869107	0.03457127475478478	6.955168435441502	0.7525017584153021
48	0.18506209664925855	12.170068572847823	0.5270032316712698	0.3942185174394264	0.5684463992466986	0.21369316912658512	0.1412347937294868	0.12676349202111398	0.22488332402597702	1.0231243234112724	67.8812141765039	0.17867358770057182	2.225450054710371	6.415834605587564	0.03393776572415132	6.950487489386497	0.7399044002178317
49	0.18410478590018806	12.306212664711683	0.5236386283996189	0.3897529634986819	0.5579151507686451	0.21271010501103826	0.1386617478544862	0.1251990981464245	0.22519430317886777	1.0174985462332422	67.83674165930246	0.1783655237851209	2.1857436032502697	6.411271405376173	0.03333002261915967	6.945544022490825	0.7281157694728787
50	0.18319099366170477	12.441148474645725	0.5203034589278333	0.38559575590509704	0.5478828367611086	0.21173053739732062	0.1361993828629672	0.1236698832470622	0.225495029574219	1.0121349372296842	67.78963261538459	0.1780621651076309	2.148292727570189	6.40648093585277	0.03274702718109352	6.940354347173805	0.7170788915169606
51	0.18231801851142007	12.574944954582795	0.5169985766396161	0.3817206017825949	0.538325554899855	0.21075491624310858	0.1338429881065155	0.12217530586407382	0.22578594276807423	1.00701711516096	67.74005093333619	0.1777632152804099	2.112962092311393	6.401477318109867	0.03218779542933796	6.934933761285657	0.7067409096878899
52	0.18148333705383857	12.707666357114707	0.5137247343021158	0.3781036693443793	0.5292204755788594	0.2097836537080323	0.13158803195045268	0.12071480967610854	0.22606745625651503	1.0021297874835147	67.68815028757373	0.17746839906257103	2.0796244284039918	6.396273798079072	0.03165137703738824	6.929296614585629	0.6970527827888529
53	0.18068459133702822	12.839372567337644	0.5104825914726647	0.3747233413484553	0.520545800433426	0.20881712676017772	0.12943015687489426	0.11928782596715637	0.22633995917139269	0.9974586725222985	67.63407480941846	0.1771774607215528	2.048160062881637	6.390882803571968	0.03113685466349833	6.92345637053627	0.6879690049811974
54	0.1799195772348927	12.970119410836388	0.507272721380646	0.37155999430825315	0.5122807217752379	0.20785567960079937	0.12736517451159488	0.11789377587887119	0.22660381785816452	0.9929904276963114	67.57795971115158	0.1768901625331902	2.0184564745294207	6.385315997367971	0.03064334324316404	6.917425663815274	0.6794473462779809
55	0.17918623372608053	13.09995893921194	0.5040956173175473	0.36859580088587623	0.5044053830693926	0.20689962591841402	0.1253890606558293	0.11653207246398999	0.22685937734294148	0.9887125833562946	67.51993186593857	0.17660628340908965	1.9904078746584546	6.3795843265869845	0.030169989252919003	6.91121635380254	0.6714486124028827
56	0.17848263297452827	13.228939695314905	0.5009516985822238	0.365814552673722	0.49690084039132415	0.20594925098895453	0.12349795025982593	0.11520212255831067	0.22710696269997493	0.9846134816360239	67.46011034809574	0.17632561763722515	1.9639148109053706	6.37369806872124	0.02971596994866241	6.904839574447984	0.6639364221637333
57	0.1778069711683709	13.357106959040129	0.4978413160013607	0.3632015015522158	0.4897490250184587	0.2050048136285643	0.1216881324471354	0.11390332848295416	0.2273468803236702	0.9806822200382063	67.39860693537862	0.1760479737283244	1.9388837939044172	6.3676668744630005	0.029280492587529492	6.898305780668225	0.6568770015685678
58	0.1771575600358599	13.48450297560809	0.4947647570673792	0.3607432173388538	0.48293270708857944	0.20406654801383958	0.1199560455524363	0.11263508959323366	0.22757941911489296	0.9769085992436727	67.33552657718728	0.17577317335617496	1.9152269448522115	6.361499807654861	0.02886279363604446	6.8916247916260716	0.6502389930303198
59	0.17653281899093967	13.611167167390917	0.49172225071677905	0.35842746009537196	0.47643546038927603	0.20313466537740033	0.11829827220980313	0.11139680368512822	0.2278048515866967	0.9732830748426358	67.27096783075487	0.17550105038436747	1.8928616632654525	6.35520538253383	0.028462137970331078	6.884805831078287	0.6439932787277505
60	0.17593126785748586	13.73713633048765	0.4887139717751976	0.35624306557090285	0.4702416282724436	0.2022093555879028	0.1167115344998529	0.1101878682704207	0.22802343489542096	0.9697967126665795	67.20502326770071	0.17523144997187137	1.8717103138190903	6.348791598468291	0.028077818071696455	6.8778575650072895	0.6381128170770102
61	0.17535152012416708	13.862444817202089	0.4857400450940773	0.3541798423463637	0.46433629069587384	0.20129078862309585	0.11519268916764847	0.10900768173132662	0.22823541180275966	0.9664411474175848	67.13777985318941	0.17496422775025783	1.851699931210855	6.342265972375242	0.027709153221189692	6.87078813673982	0.6325724913081218
62	0.1747922766843056	13.987124705530364	0.48280054940272293	0.35222847934621854	0.45870523239000804	0.20037911594413274	0.11373872292213733	0.10785564436496835	0.2284410115741396	0.9632085443081839	67.06931929983193	0.1746992490658046	1.8327619420155672	6.3356355689965165	0.02735548869647884	6.8636051997462	0.6273489691802452
63	0.17425232002933475	14.111205956439026	0.4798955208924456	0.3503804628163992	0.45333491214034116	0.19947447177692035	0.11234674782305348	0.1067311593247754	0.22864045081717274	0.960091563513442	66.9997183978329	0.17443638828186564	1.8148319027664432	6.3289070291601135	0.027016194973050182	6.856315948256762	0.6224205731559028
64	0.17373050885501998	14.2347165599484	0.47702495655442556	0.34862800161891894	0.44821243317663373	0.19857697430796764	0.11101399676404206	0.10563363346826207	0.2288339342650233	0.9570833271790082	66.9290493233178	0.17417552813551987	1.7978492532688086	6.322086596188694	0.026690666932592384	6.848927145871056	0.6177671601477516
65	0.17322577304895415	14.357682670825863	0.47418881728842405	0.3469639600044654	0.4433255146474706	0.1976867268006546	0.10973781905614975	0.10456247811843093	0.2290216555085282	0.9541773887882496	66.85737992637173	0.17391655914399123	1.7817570842959072	6.315180140583985	0.026378323080263492	6.841445152299291	0.6133700101375357
66	0.17273710903173173	14.480128734598722	0.47138703079733557	0.3453817971029767	0.4386624641694683	0.1968038186370942	0.10851567611702678	0.103517109745325	0.22920379768042412	0.9513677047138637	66.7847740001273	0.17365937905681542	1.7665019189450728	6.308193183099445	0.02607860477269121	6.833875948357705	0.6092117230469062
67	0.17226357542309303	14.602077604634923	0.46861949428348276	0.3438755124128541	0.4342121514222913	0.19592832629108148	0.10734513726814794	0.102496950574416	0.22938053409523457	0.9486486077757778	66.71129153231662	0.17340389234972747	1.752033506817349	6.30113091632037	0.025790975457990736	6.826225159347042	0.6052761232094793
68	0.17180428900902234	14.723550650923146	0.46588607695998513	0.3424395966684502	0.42996398277101266	0.19506031423672726	0.10622387564321424	0.10150142912756156	0.22955202884778975	0.9460147826544256	66.63698894047232	0.17315000975685377	1.7383046303338425	6.2939982248512045	0.02551491992913752	6.818498076922113	0.6015481708930821
69	0.17135842098727871	14.844567861150558	0.46318662238984243	0.3410689875295536	0.4259078768924767	0.19419983579713873	0.10514966420965625	0.10052998070190941	0.22971843737319655	0.9434612430188911	66.56191929189806	0.17289764783804484	1.7252709225110627	6.286799704204551	0.025249943591750593	6.810699679554905	0.5980138803510189
70	0.1709251934690143	14.965147934682227	0.46052095066558174	0.339759029572508	0.4220342413724787	0.19334693393758426	0.10412037190335069	0.09958204779208593	0.22987990697112098	0.9409833102304744	66.4861325095464	0.17264672857829408	1.7128906954701484	6.279539678488015	0.02499557174698607	6.802834651695325	0.5946602438783006
71	0.1705038762205382	15.085308369869686	0.4578888604383985	0.33850543818914186	0.41833395026038217	0.19250164200621586	0.10313395987868303	0.09865708045957522	0.23003657729636495	0.9385765935226468	66.40967556459272	0.17239717901698387	1.7011247792022153	6.272222216955397	0.0247513488904609	6.794907401701656	0.5914751614988046
72	0.17009378362501767	15.205065545244954	0.45529013080867964	0.33730426694952653	0.41479832254342347	0.19166398442645613	0.10218847787274926	0.09775453665416156	0.23018858081838248	0.9362369715310966	66.3325926567547	0.17214893090425695	1.6899363698888117	6.264851149511096	0.02451683802759539	6.786922078636996	0.5884473758019478
73	0.16969427184678498	15.324434795075435	0.45272452308807304	0.33615187805840924	0.41141910150718947	0.19083397734455904	0.10128206068247168	0.09687388249160654	0.23033604325199214	0.9339605750669379	66.25492538325257	0.1719019203821676	1.6792908871710064	6.257430081243606	0.024291620005672643	6.778882588013883	0.5855664115174826
74	0.1693047361899403	15.443430479511074	0.4501917824377788	0.3350449156880847	0.408188434981763	0.19001162923394121	0.10041292475726128	0.09601459248979101	0.23047908396031402	0.9317437710805551	66.17671289681995	0.17165608768944263	1.6691558401262094	6.249962406022563	0.02407529286342941	6.77079260652442	0.5828225196233143
75	0.16892460862844072	15.562066049958053	0.4476916393969355	0.33398028175977346	0.40509885640761395	0.18919694146109076	0.09957936490141549	0.09517614976867175	0.23061781633301884	0.9295831476755776	66.0979920539869	0.17141137688689184	1.659500701062727	6.242451319263261	0.02386747119772589	6.762655595868511	0.5802066254432402
76	0.1685533555027783	15.680354109819216	0.4452238113038594	0.33295511404194394	0.40214326672420947	0.18838990881398696	0.09877975108860108	0.09435804621547947	0.23075234814048778	0.9274755001419499	66.01879755387378	0.17116773560277343	1.6502967869932506	6.234899829878703	0.023667785547953332	6.754474815701905	0.5777102806089501
77	0.16819047536655024	15.798306471069187	0.44278800362034465	0.33196676625534866	0.3993149170335564	0.18759051999656273	0.09801252538439675	0.09355978261915293	0.23088278186614988	0.9254178179052168	65.93916206839297	0.17092511479595696	1.6415171481293953	6.2273107714954605	0.023475881797908927	6.746253335786728	0.5753256184849314
78	0.1678354969759095	15.91593420686448	0.4403839111632751	0.3310127900436739	0.3966073920244663	0.18679875809066965	0.09727619897652486	0.09278086877583251	0.23100921501793137	0.9234072723484982	65.85911636422816	0.17068346853595978	1.633136463133554	6.219686812964792	0.023291420595311058	6.7379940473785025	0.5730453128822967
79	0.16748797740944035	16.033247700540795	0.4380112192512192	0.33009091858169975	0.3940145941218535	0.18601460098819497	0.0965693493098798	0.09202082356846084	0.23113174042051557	0.9214412054303356	65.77868941726322	0.17044275379826127	1.6251309406302408	6.212030468226183	0.02311407678878839	6.729699673911676	0.5708625397590694
80	0.16714750031031117	16.15025669123013	0.435669604771091	0.3291990516778083	0.39153072833629227	0.18523802179508483	0.09589061732425877	0.09127917502251758	0.23125044648953577	0.9195171190481688	65.69790851990443	0.1702029302738579	1.6174782266411982	6.204344105561094	0.022943538882201416	6.721372781024496	0.5687709417073529
81	0.16681367424234167	16.266970316336355	0.4333587371700902	0.3283352422235577	0.3891502877887534	0.184468989209071	0.09523870479272971	0.09055546033998216	0.2313654174888514	0.9176326650959217	65.61679938175018	0.16996396019199797	1.6101573176004704	6.196629956275652	0.02277950850617055	6.7130157859652675	0.5667645950224383
82	0.1664861311524246	16.383397151085795	0.43107827937767684	0.327497683861572	0.38686803988638196	0.18370746787274095	0.09461237175850618	0.0898492259134204	0.23147673377195505	0.9157856361691464	65.53538622402253	0.1697258081551427	1.6031484786317396	6.188890122847592	0.022621699906645906	6.704630966418203	0.5648379791683508
83	0.16616452493072842	16.499545245396742	0.4288278886630509	0.3266846997384713	0.3846790131160215	0.18295341870384538	0.09401043406665911	0.08916002732224604	0.2315844720087238	0.9139739568650999	65.45369186823886	0.1694884409850982	1.5964331667101201	6.1811265865782845	0.02246983945006765	6.696220468793119	0.5629859484326747
84	0.16584853006335606	16.615422158221975	0.42660721743152114	0.3258947322541208	0.38257848443849274	0.18220679920400729	0.0934317609892461	0.08848742931254244	0.23168870539825542	0.9121956756449594	65.3717378194165	0.16925182757964843	1.5899939584806897	6.173341214774861	0.022323665145026386	6.687786316006078	0.5612037056385565
85	0.1655378403718917	16.731034989523717	0.4244159139632904	0.3251263337177833	0.3805619672652565	0.18146756374704429	0.09287527294225088	0.08783100576188353	0.2317895038685633	0.9104489572242306	65.28954434411538	0.16901593877901813	1.5838144824944445	6.165535767488471	0.022182926180303753	6.679330414779158	0.5594867777771638
86	0.16523216783197622	16.846390410107556	0.42225362309987363	0.3243781578022454	0.3786251999792027	0.18073566384871875	0.09233993928941157	0.08719033963096619	0.23188693426429108	0.9087320754423719	65.20713054377643	0.1687807472411562	1.5778793554867199	6.1577119038478365	0.022047382478559342	6.670854562501803	0.557830993370737
87	0.1649312414641667	16.961494689498597	0.4201199868824048	0.3236489517107607	0.3767641349670725	0.1800110484193983	0.09182477622864206	0.08656502290350654	0.23198106052339568	0.907043406571977	65.12451442372871	0.16854622732517036	1.57217412238946	6.149871188020101	0.02191680426500534	6.662360453688426	0.5562324614130446
88	0.16463480630030183	17.076353721784997	0.4180146451396903	0.3229375490641534	0.3749749281996164	0.17929366399883798	0.0913288447678666	0.0859546565142861	0.2320719438422852	0.9053814230859244	65.04171295766494	0.16831235498307812	1.5666852002646918	6.142015094781614	0.021790971652431775	6.6538496860133955	0.5546875519417036
89	0.16434262241016914	17.190973049853454	0.41593723603641125	0.3222428633424217	0.37325392926224893	0.17858345497671854	0.09085124877566134	0.08535885026848462	0.2321596428317285	0.9037446877882985	64.95874214849647	0.16807910765827097	1.5613998253791754	6.134145014776844	0.021669674240078398	6.645323766008228	0.5531928778951419
90	0.16405446399100704	17.305357887936562	0.4138873965790927	0.32156388189571566	0.3715976718660802	0.17788036379812447	0.0903911331118186	0.08477722275167276	0.23224421366303558	0.9021318483287366	64.87561708539026	0.16784646419084906	1.5563060036028562	6.126262259448504	0.02155271072730857	6.636784114402526	0.551745278315638
91	0.16377011851274945	17.419513142686355	0.4118647630850917	0.3208996604420765	0.37000286479105066	0.1771843311557897	0.08994768183069622	0.08420940123210749	0.23232571020567158	0.900541632052251	64.79235199744582	0.16761440472908964	1.5513924637378105	6.118368065678113	0.021439888540878485	6.628232071151269	0.5503418027229504
92	0.1634893859175729	17.533443432811463	0.40986897161550256	0.3202493180247581	0.3684663832686356	0.17649529616935206	0.08952011645995134	0.08365502155631403	0.23240418415642247	0.8989728411785506	64.70896030405946	0.1673829106468087	1.5466486137429378	6.110463600141016	0.02133102347646107	6.619668900152746	0.5489796966217904
93	0.1632120778694413	17.647153107399433	0.40789965837477427	0.3196120323830645	0.3669852607732821	0.17581319655263547	0.08910769434960937	0.08311372803849962	0.23247968516079054	0.8974243482836306	64.62545466224164	0.1671519644661458	1.5420644996276522	6.102549963398705	0.0212259393534933	6.611095793681908	0.5476563880450241
94	0.16293801704915392	17.76064626304781	0.40595646008005765	0.3189870356892382	0.36555668119487283	0.17513796877001336	0.08870970708739093	0.08258517334473985	0.23255226092729028	0.8958950920565151	64.54184701115122	0.16692154978526155	1.5376307667874987	6.094628193751131	0.021124467682659888	6.602513876563703	0.5463694750311585
95	0.1626670364917938	17.87392675988692	0.404039014302079	0.3183736106217467	0.36417797136808433	0.17446954818254395	0.08832547897602028	0.0820690183720397	0.23262195733512353	0.8943840733123234	64.45814861403387	0.16669165121060256	1.5333386236220476	6.08669927086511	0.021026447345179083	6.593924210103848	0.5451167139703773
96	0.1623989789686219	17.986998236458394	0.4021469597771631	0.31777108677026983	0.3628465940009819	0.17380786918349583	0.08795436558255496	0.08156493212422145	0.2326888185348568	0.8928903512737509	64.37437009741966	0.16646225429390218	1.529179807560789	6.078764119166182	0.020931724286160774	6.585327795763343	0.5438960088353815
97	0.1621336964037465	18.09986412369165	0.40027993669572604	0.3171788373046985	0.36156014090539307	0.17315286532542662	0.08759575234068218	0.08107259158375382	0.2327528870436454	0.891413040062627	64.29052148818275	0.1662333454729033	1.5251465529745158	6.070823611045995	0.020840151218111676	6.576725578633139	0.542705401114943
98	0.16187104932729884	18.212527657945127	0.3984375869667439	0.31659627590817313	0.3603163265605446	0.17250446943847414	0.08724905321327676	0.08059168158079988	0.2328142038346967	0.8899513054118263	64.20661224834458	0.16600491201595488	1.5212315610751386	6.0628785698748775	0.02075158733622018	6.568118450697761	0.541543060468203
99	0.16161090636213385	18.32499189319213	0.3966195544601236	0.3160228539474971	0.35911298198739533	0.1718626137405565	0.08691370941145707	0.08012189465986191	0.2328728084214318	0.8885043615794882	64.12265130780024	0.16577694197015488	1.5174279716468824	6.054929772835097	0.020665898044720923	6.559507253904662	0.5404072760358616
100	0.16135314374273182	18.437259712391224	0.3948254852280896	0.31545805786479647	0.3579480489294184	0.17122722993982423	0.08658918817013023	0.07966293094473959	0.23292873893653782	0.8870714684574285	64.03864709504442	0.16554942411288523	1.513729336541467	6.046977953581336	0.020582954694433324	6.55089278304642	0.5392964483738008
