	bound	free	lytic	translocate
0	0.0	1.0	0.0	0.0
1	0.11327031266750612	0.8650222931107394	0.00024295884233217993	0.02146443537942419
2	0.1776022844900362	0.7482635675785667	0.0017119665505619986	0.07242218138083685
3	0.2095977680888894	0.647264667078036	0.00510724133391418	0.1380303234991605
4	0.22064813057637997	0.5598983665654096	0.010737668867012757	0.20871583399119822
5	0.21851973790015336	0.48432456895537346	0.018663067455273633	0.27849262568920097
6	0.20846336219558098	0.4189515492476511	0.028790638781791052	0.343794449774978
7	0.19398962602182718	0.36240242983250326	0.04093969506098451	0.40266824908468707
8	0.17741028691617564	0.31348618088261776	0.05488450252058471	0.45421902968062394
9	0.16021543697695556	0.27117253504562167	0.07038210181742964	0.49822992615999523
10	0.143335805807149	0.23457028809382294	0.08718987932694151	0.5349040267720888
11	0.12732468285353232	0.20290852850256907	0.10507620302689116	0.56469058561701
12	0.11248366968604638	0.17552040061703353	0.12382641593964239	0.5881695137572802
13	0.09894923571679097	0.1518290594294731	0.14324576748435663	0.6059759373693819
14	0.086751969779787	0.131335521148539	0.16316036641974652	0.6187521426519299
15	0.07585685359028677	0.11360815367082584	0.18341689360566854	0.6271180991332214
16	0.0661903806923353	0.09827358560443614	0.2038815731590794	0.6316544605441516
17	0.0576585894034827	0.08500884237181161	0.2244387348686895	0.6328938333560183
18	0.05015884794156151	0.07353454376318448	0.24498918662590907	0.631317421669347
19	0.04358736801071534	0.06360901966893519	0.2654485374763286	0.627355074844023
20	0.03784381980388201	0.05502322005659475	0.28574555873793905	0.6213874014015861
21	0.032833999470605106	0.04759631198777068	0.3058206348041604	0.6137490537374654
22	0.028471205429654027	0.041171870939344754	0.3256243313953615	0.6047325922356412
23	0.024676774407812383	0.03561458621169412	0.3451160934058506	0.5945925459746442
24	0.02138008505771523	0.030807411033126595	0.36426307451089257	0.5835494293982669
25	0.018518237692239533	0.026649097336754926	0.3830390945429092	0.5717935704280978
26	0.016035549924062864	0.023052063287659515	0.4014237170638377	0.5594886697244416
27	0.013882960590481433	0.019940548646083085	0.4194014376867123	0.5467750530767251
28	0.012017401812509645	0.01724901911574347	0.43696097294012226	0.5337726061316264
29	0.01040117685737355	0.014920786069463312	0.45409463941680156	0.5205833976563634
30	0.009001366476077171	0.01290681258092654	0.47079781332806936	0.5072940076149288
31	0.007789276359961074	0.011164680615520796	0.48706846121402225	0.49397758181049767
32	0.006739931755725898	0.00965769762789727	0.5029067333129249	0.4806956373034539
33	0.005831621019663465	0.008354123748307268	0.5183146118919042	0.46749964334012684
34	0.005045487232086842	0.007226503281732118	0.5332956076373382	0.45443240184884426
35	0.004365165410275694	0.006251086439956801	0.5478544979638483	0.4415292501859205
36	0.0037764619943998555	0.005407329126728332	0.5619971018100705	0.4288191070688025
37	0.0032670728895921757	0.004677460240876374	0.575730086139462	0.4163253807300707
38	0.002826336257756279	0.00404610738355026	0.5890607999513722	0.4040667564073226
39	0.0024450163519021814	0.003499973087109969	0.6019971321340134	0.3920578784269758
40	0.0021151148933627305	0.003027554745715803	0.6145473899575659	0.3803099404033572
41	0.0018297067596505087	0.0026189023486701737	0.6267201954188859	0.3688311954727948
42	0.0015827970436064793	0.002265408915069146	0.6385243970133032	0.3576273970280225
43	0.001369196838302316	0.001959629214561029	0.6499689948264341	0.3467021791207037
44	0.0011844153892069855	0.0016951229568617496	0.6610630771185637	0.3360573845353689
45	0.0010245665229703632	0.0014663191473071574	0.6718157668169265	0.3256933475127974
46	0.0008862875089720067	0.001268398751263014	0.682236176542873	0.3156091371968935
47	0.0007666687342946808	0.0010971931964387607	0.6923333709853929	0.3058027670838753
48	0.0006631927733407823	0.0009490965747793301	0.7021163355920704	0.29627137505981144
49	0.0005736816134566087	0.000820989695508508	0.7115939506880952	0.28701137800294146
50	0.000496250955601144	0.0007101743890583751	0.7207749702537884	0.27801860440155374
51	0.0004292706496119623	0.0006143166785705982	0.7296680046960291	0.2692884079757901
52	0.0003713304460664585	0.0005313976220140988	0.738281507039279	0.2608157648926423
53	0.00032121035418865935	0.00045967078956501116	0.7466237620402912	0.2525953568159565
54	0.0002778549888756286	0.00039762548037853787	0.7547028777983501	0.24462164173239703
55	0.0002403513724002676	0.00034395490479062756	0.7625267794918664	0.236888914230944
56	0.00020790972608566497	0.00029752866050185213	0.7701032049225216	0.22939135669089228
57	0.00017984685081612326	0.0002573689241826594	0.7774397015925717	0.22212308263243113
58	0.0001555717481689498	0.0002226298570102542	0.7845436250786727	0.2150781733161497
59	0.00013457317996580322	0.0001925797894399389	0.7914221384982785	0.20825070853231736
60	0.00011640890585555093	0.00016658581101659223	0.7980822128935272	0.20163479238960247
61	0.00010069637261822868	0.0001441004402626638	0.8045306283815505	0.19522457480557068
62	8.710465913068062e-05	0.00012465009329854046	0.8107739759417681	0.18901426930580473
63	7.534750852820777e-05	0.00010782510956973507	0.8168186597287964	0.18299816765310764
64	6.517730029705787e-05	9.327112355519573e-05	0.8226708998155405	0.17717065176060934
65	5.637983582552385e-05	8.068160120113767e-05	0.8283367352847064	0.17152620327826912
66	4.876982756527471e-05	6.979138369389085e-05	0.8338220275986333	0.1660594111901098
67	4.218699699845318e-05	6.037110277024187e-05	0.8391324641877994	0.1607649777124343
68	3.649269916758117e-05	5.2222349778814144e-05	0.8442735622067624	0.1556377227442938
69	3.156700274176412e-05	4.517349678547693e-05	0.8492506724142291	0.1506725870862462
70	2.730616419545561e-05	3.907608177691992e-05	0.8540689831402744	0.145864634613756
71	2.3620442959397007e-05	3.380168188418433e-05	0.8587335243094473	0.14120905356571176
72	2.0432211237121138e-05	2.9239208336773698e-05	0.8632491714932209	0.1367011570872079
73	1.7674319293002913e-05	2.5292567043598733e-05	0.8676206499694602	0.1323363831442058
74	1.5288680944761993e-05	2.1878634320618112e-05	0.8718525387709254	0.1281102939138117
75	1.3225050360833401e-05	1.8925506401252928e-05	0.8759492747056536	0.12401857473758698
76	1.1439963763669402e-05	1.637098494605715e-05	0.8799151563380793	0.12005703271321393
77	9.895823952392432e-06	1.4161266941088902e-05	0.88375434791928	0.11622159498982947
78	8.560108484837476e-06	1.2249811563664244e-05	0.8874708832574346	0.11250830682251957
79	7.4046847795632544e-06	1.0596360058862266e-05	0.8910686695218842	0.1089133294332797
80	6.405217511863701e-06	9.16608769515006e-06	0.8945514909752785	0.1054329377195167
81	5.540656031790676e-06	7.928870236528178e-06	0.8979230126292548	0.1020635178444789
82	4.79279104794742e-06	6.858649537987092e-06	0.9011867838200998	0.09880156473931641
83	4.1458711389116875e-06	5.93288475747785e-06	0.9043462417021968	0.09564367954190879
84	3.5862709986011786e-06	5.1320776017265196e-06	0.9074047146575162	0.09258656699388562
85	3.1022043881733194e-06	4.4393615491937185e-06	0.9103654256202176	0.08962703281384711
86	2.6834759702623364e-06	3.840146715390937e-06	0.913231495315457	0.0867619810618592
87	2.3212665459359703e-06	3.3218125189123434e-06	0.9160059454127538	0.0839884115081832
88	2.0079473189206585e-06	2.873441886681569e-06	0.9186917015939722	0.08130341701682409
89	1.7369192217722027e-06	2.485591323841603e-06	0.9212915965366218	0.07870418095283437
90	1.5024738627618965e-06	2.150091923728829e-06	0.9238083728136683	0.07618797462054708
91	1.2996733871883204e-06	1.8598774451101192e-06	0.926244685710169	0.07375215473900054
92	1.124246453353068e-06	1.608835450105598e-06	0.928603105958803	0.07139416095929547
93	9.724982455195587e-07	1.3916785295516676e-06	0.9308861223954232	0.06911151342780346
94	8.412326645407045e-07	1.2038329550512675e-06	0.9330961445363336	0.06690181039804856
95	7.276850103689628e-07	1.0413423452858953e-06	0.9352355050787124	0.06476272589393377
96	6.294637571659658e-07	9.007843441626175e-07	0.9373064623257285	0.06269200742617212
97	5.445001834621718e-07	7.79198539816579e-07	0.9393112025385013	0.060687473762777375
98	4.710047976848898e-07	6.740241080256365e-07	0.9412518422165503	0.058747012754545844
99	4.074296513608255e-07	5.830458810942431e-07	0.9431304303083493	0.05686857921612016
100	3.5243573292961874e-07	5.043476872696441e-07	0.9449489503540173	0.05505019286256457
