	II	IIa	M	P2
0	1.0	0.0	0.0	0.0
1	0.9559114459302522	0.0019361734590897211	0.04206438947850098	8.799113215717044e-05
2	0.9137666924626575	0.00740743584097776	0.07865378862962025	0.00017208306674454705
3	0.8734800402321908	0.015946323719476112	0.11032118833012027	0.000252447718212758
4	0.8349695682539185	0.027132803564798278	0.13756837875976924	0.00032924942151375824
5	0.7981569672950428	0.04058987059263294	0.1608505168459645	0.0004026452663595163
6	0.7629673806966071	0.055979545776805174	0.18058028811005075	0.0004727854165365458
7	0.7293292520266814	0.07299921876244467	0.19713171579535732	0.0005398134155163699
8	0.6971741801481958	0.09137834765482869	0.2108436057197832	0.0006038664771920583
9	0.6664367785826645	0.11087539233993354	0.2220227533094046	0.0006650757679971404
10	0.63705454461681	0.13127511399315772	0.230946774720552	0.000723566669480079
11	0.6089677307017998	0.15238603741627924	0.2378667728456411	0.0007794590362797235
12	0.58211922356847	0.174038184408637	0.2430097245842705	0.0008328674386223526
13	0.556454428584689	0.19608101261547958	0.24658065740552856	0.0008839013943028921
14	0.5319211572539472	0.21838150617670163	0.24876467097498642	0.0009326655943647739
15	0.5084695220551045	0.24082248073813076	0.24972873709271137	0.000979260114053302
16	0.4860518357744193	0.26330103902058194	0.2496233445902413	0.0010237806147574198
17	0.4646225130495684	0.2857271344988053	0.2485840339101121	0.0010663185415141826
18	0.4441379781122995	0.3080222954849973	0.24673276509462447	0.0011069613080786635
19	0.4245565764256231	0.33011846427322805	0.2441791668269674	0.001145792474181341
20	0.4058384910032434	0.35195695052060166	0.24102166656276183	0.001182891913392832
21	0.38794565844172263	0.37348743608578355	0.2373485694909287	0.001218335981564886
22	0.3708416952875084	0.39466715050651885	0.23323895654143312	0.0012521976645394573
23	0.35449182050039596	0.4154600398287255	0.22876359293718998	0.0012845467336883994
24	0.3388627884037788	0.4358360948910795	0.22398566682472498	0.0013154498804164735
25	0.32392281784506105	0.45577066680585293	0.21896154449081892	0.0013449708582668396
26	0.30964152929773	0.47524390216123663	0.21374139793193758	0.001373170609095435
27	0.295989881861021	0.49424019830263466	0.20836981244689323	0.0014001073894507835
28	0.2829401169311113	0.5127477527604118	0.20288629342490586	0.0014258368835705982
29	0.2704656973817388	0.5307580874932065	0.19732580279966758	0.0014504123253865572
30	0.2585412566053032	0.5482656872755627	0.1917191715183849	0.001473884600748776
31	0.2471425468513614	0.5652676453362139	0.18609350546136444	0.0014963023510597177
32	0.2362463884403628	0.5817633323422446	0.18047256714223966	0.001517712075152357
33	0.2258306268043937	0.5977541480681582	0.17487706691198046	0.0015381582154672228
34	0.21587408110087053	0.613243204426941	0.16932503121105377	0.0015576832611342566
35	0.2063565048944216	0.6282351278658987	0.16383203941283353	0.001576327826845668
36	0.19725854499793405	0.6427358542945444	0.15841146997209957	0.0015941307354215381
37	0.18856170073508557	0.6567524257934969	0.15307474437188703	0.0016111290995299153
38	0.1802482888156153	0.6702928431710842	0.14783150962115224	0.0016273583921476574
39	0.17230140255271897	0.6833658850687399	0.1426898598501695	0.0016428525283710721
40	0.16470488263537372	0.6959810059265239	0.13765646751405458	0.0016576439240471607
41	0.15744328371395377	0.708148212266552	0.13273674045669034	0.0016717635628034785
42	0.1505018369150029	0.7198779193809455	0.12793500263280705	0.001685241071244175
43	0.14386642843295486	0.7311809096878435	0.12325455711730565	0.0016981047618953925
44	0.13752356550867206	0.7420682153754729	0.1186978374144016	0.0017103817014529285
45	0.1314603500095356	0.7525510509610732	0.11426650126560951	0.0017220977637810544
46	0.1256644530327414	0.762640750290842	0.10996151899555734	0.001733277680858761
47	0.12012408902762368	0.7723487060998397	0.1057832597778452	0.001743945094690845
48	0.11482799155739218	0.781686319142258	0.10173156669441911	0.0017541226059303021
49	0.10976539144889101	0.7906649560980501	0.09780582063534807	0.0017638318177103044
50	0.10492599426408428	0.7992959094747311	0.09400500288034735	0.0017730933808368073
51	0.10029995945312871	0.8075903643540748	0.09032774915718807	0.0017819270356078628
52	0.0958778799284945	0.8155593679899414	0.0867724004287752	0.001790351652788301
53	0.0916507632312648	0.82321380612193	0.08333704537541427	0.001798385271390474
54	0.08761001370768202	0.8305643836857107	0.08001955747217838	0.0018060451344284253
55	0.08374741492317711	0.8376216068550711	0.07681763049755559	0.0018133477241956647
56	0.08005511261341323	0.8443957671822531	0.0737288114078676	0.0018203087964656828
57	0.07652559861969771	0.8508969292752266	0.07075052869235743	0.0018269434127178045
58	0.07315169576279651	0.8571349217111803	0.0678801165555422	0.0018332659704805901
59	0.06992654336100242	0.8631193299603143	0.06511483644630006	0.0018392902323828523
60	0.06684358325786582	0.8688594906823638	0.06245189670558764	0.0018450293541822796
61	0.06389654642198479	0.8743644875174801	0.05988847014888817	0.0018504959116465004
62	0.06107944018386411	0.8796431485262908	0.057421709363688414	0.0018557019261561743
63	0.0583865360767396	0.8847040450751831	0.05504875995898033	0.0018606588890965167
64	0.05581235820699628	0.8895554918170822	0.05276677219073474	0.0018653777851864515
65	0.05335167211357154	0.8942055475618323	0.050572911209768874	0.0018698691148268485
66	0.0509994741119134	0.8986620169816087	0.0484643659910007	0.0018741429154767355
67	0.04875098111707002	0.9029324530996441	0.046438357001217144	0.0018782087820683648
68	0.04660162092272344	0.9070241604469994	0.0444921427437691	0.0018820758865076474
69	0.04454702290709448	0.9109441987569026	0.04262302533968422	0.001885752996318275
70	0.04258300914420394	0.9146993871041973	0.04082835525912563	0.00188924849247269
71	0.040705585906058286	0.9182963084312853	0.03910553527621716	0.0018925703864388563
72	0.03891093554133042	0.9217413144054992	0.03745202371669815	0.0018957263364717699
73	0.037195408713356984	0.9250405305451971	0.03586533707826125	0.0018987236631841779
74	0.03555551697994112	0.9281998615545032	0.034343052101123525	0.0019015693644316282
75	0.033987925699489066	0.9312249968185788	0.03288280735238872	0.001904270129542887
76	0.03248944724977488	0.9341214160211185	0.03148230437618291	0.0019068323529232197
77	0.03105703454603873	0.9368943948492628	0.030139308457640797	0.0019092621470572018
78	0.02968777484507877	0.9395490107525694	0.028851649047413584	0.0019115653549378238
79	0.028378883822419196	0.942090148726073	0.027617219889559536	0.0019137475619477977
80	0.027127699910458904	0.9445225070922592	0.02643397889006412	0.001915814107217334
81	0.02593167888622817	0.9468506032607366	0.025299947758553674	0.0019177700944811992
82	0.024788388697832554	0.9490787794469109	0.024213211452799102	0.0019196204024569624
83	0.023695504519027907	0.9512112083329769	0.023171917453229114	0.0019213696947656077
84	0.02265080402181199	0.9532518986567886	0.022174274891984102	0.0019230224294148
85	0.02165216285741374	0.9552047007165013	0.021218553558220353	0.0019245828678641033
86	0.020697550336518152	0.9570733117808582	0.020303082798932642	0.001926055083690526
87	0.01978502529995705	0.9588612813965736	0.01942625033259689	0.0019274429708719912
88	0.018912732171461177	0.9605720165856373	0.018586500991195447	0.0019287502517055868
89	0.018078897184436556	0.9622087869266822	0.017782335404503913	0.0019299804843767195
90	0.01728182477509192	0.9637747295157848	0.017012308638928105	0.0019311370701945675
91	0.016519894134588094	0.965272853803132	0.016275028801770786	0.00193222326050853
92	0.015791555913200635	0.966706046302898	0.015569155620580989	0.0019332421633197372
93	0.015095329069792138	0.9680770751744708	0.014893399006135342	0.001934196749601066
94	0.014429797860185894	0.969388594673892	0.014246517606582893	0.0019350898593385151
95	0.013793608958316928	0.9706431494750205	0.01362731735935567	0.0019359242073062305
96	0.013185468704307403	0.9718431788604883	0.01303465004661662	0.0019367023885869137
97	0.012604140473870862	0.9729910207830019	0.012467411859277642	0.0019374268838488456
98	0.0120484421636958	0.9740889157979573	0.011924541973955944	0.001938100064390252
99	0.011517243787694842	0.9751390108687076	0.011405021146635606	0.0019387241969612708
100	0.011009465179231676	0.9761433630461346	0.010907870326259648	0.0019393014483733274
