	bound	free	lytic	translocate
0	0.0	1.0	0.0	0.0
1	0.11327031263922753	0.8650222931109162	0.0002429588395351351	0.021464435410321888
2	0.17760228439001113	0.7482635675795746	0.0017119665408266522	0.07242218148958819
3	0.2095977675247578	0.6472646670851648	0.005107241279610289	0.1380303241104677
4	0.2206481272903458	0.5598983666164705	0.010737668554695583	0.20871583753848857
5	0.21851973180199283	0.4843245690686048	0.018663066883428427	0.27849263224597426
6	0.20846334755040266	0.4189515495737157	0.02879063743115978	0.34379446544472214
7	0.19398961443305518	0.3624024301497005	0.040939694017037856	0.4026682614002068
8	0.17741027524553166	0.31348618131098743	0.054884501514925126	0.45421904192855606
9	0.16021542444206502	0.27117253560083293	0.0703821007771601	0.4982299391799423
10	0.143335792847814	0.2345702887748174	0.08718987829627645	0.5349040400810926
11	0.12732467099118733	0.2029085292641681	0.10507620214138852	0.5646905976032565
12	0.1124836577635814	0.17552040154601917	0.12382641511814271	0.5881695255722571
13	0.09894922933585172	0.151829059740731	0.14324576696798252	0.605975943955435
14	0.08675196614171754	0.13133552107621138	0.1631603660222438	0.6187521467598274
15	0.07585685107151706	0.11360815355489076	0.1834168933037513	0.6271181020698409
16	0.0661903786605644	0.0982735855530866	0.20388157293360734	0.6316544628527416
17	0.05765859272292843	0.08500884011439012	0.22443873426950828	0.6328938328931776
18	0.05015885205684622	0.07353454043047135	0.24498918566287128	0.6313174218498172
19	0.04358737266086757	0.06360901311492452	0.26544853523846607	0.6273550789857479
20	0.037843821183999385	0.055023215844912716	0.28574555714140193	0.6213874058296921
21	0.032833999114915795	0.04759630862266836	0.30582063338624077	0.6137490588761813
22	0.028471207150456656	0.041171868454496954	0.3256243305449454	0.6047325938501075
23	0.02467677561268911	0.03561458411507146	0.34511609266398163	0.5945925476082645
24	0.0213800859922404	0.03080740937074061	0.3642630739214247	0.5835494307156011
25	0.018518238186514522	0.026649095970421168	0.38303909403225866	0.5717935718108125
26	0.016035550165979278	0.023052062501494393	0.4014237167691594	0.5594886705633737
27	0.013882960676778786	0.0199405480200055	0.41940143744291636	0.5467750538603061
28	0.012017401836735138	0.017249018843434837	0.43696097283718416	0.5337726064826523
29	0.010401176911297164	0.014920786109722178	0.4540946394466443	0.5205833975323431
30	0.009001366532010766	0.012906812615510617	0.4707978133554404	0.507294007497045
31	0.0077892762285274005	0.01116468020811427	0.48706846104483825	0.4939775825185275
32	0.006739931334569207	0.009657696820800206	0.5029067329589317	0.4806956388857063
33	0.0058316205421754235	0.008354122909225182	0.5183146115224826	0.4674996450261241
34	0.005045486717998529	0.007226502427357431	0.5332956072615206	0.4544324035931309
35	0.004365164768592706	0.0062510854200907755	0.5478544975155396	0.4415292522957844
36	0.0037764614921300737	0.005407328344075299	0.5619971014706593	0.4288191086931429
37	0.0032670724426265853	0.004677459555848352	0.5757300858457057	0.41632538215582693
38	0.0028263359016789274	0.00404610684450489	0.5890607997242981	0.40406675752952553
39	0.0024450159702996683	0.0034999725163086435	0.6019971318956009	0.39205787961779826
40	0.002115114613509142	0.00302755433052721	0.6145473897889907	0.38030994126698026
41	0.0018297065892454176	0.002618902098704356	0.6267201953240349	0.36883119598802255
42	0.0015827969777989297	0.0022654088218908614	0.6385243969881028	0.3576273972122147
43	0.0013691967792930947	0.0019596291306953942	0.6499689948053945	0.34670217928462427
44	0.0011844152894515871	0.0016951228134655706	0.6610630770747773	0.3360573848223127
45	0.001024566482096723	0.001466319088990379	0.6718157668070459	0.3256933476218745
46	0.0008862874996732724	0.0012683987384431755	0.6822361765508439	0.31560913721104694
47	0.000766668679599728	0.0010971931179102664	0.6923333709683743	0.3058027672341224
48	0.0006631927002071062	0.0009490964694067342	0.7021163355635948	0.2962713752667975
49	0.0005736815469525493	0.0008209895998167738	0.7115939506645288	0.2870113781887076
50	0.0004962508885193587	0.0007101742926562391	0.7207749702320356	0.2780186045867945
51	0.0004292705860614725	0.0006143165873241085	0.7296680046778607	0.2692884081487593
52	0.0003713303937188744	0.0005313975469027459	0.7382815070275525	0.26081576503183157
53	0.00032121030812509277	0.0004596707235025145	0.7466237620324637	0.25259535693591445
54	0.000277854951449303	0.0003976254267302061	0.7547028777953824	0.24462164182644386
55	0.0002403513392498732	0.0003439548572818139	0.7625267794913737	0.23688891431210043
56	0.0002079097018413989	0.0002975286257810964	0.770103204926766	0.22939135674561745
57	0.00017984683129210414	0.00025736889623174784	0.7774397015992124	0.22212308267326963
58	0.0001555717326111983	0.00022262983474503472	0.7845436250872346	0.21507817334541485
59	0.00013457316776602644	0.00019257977198487236	0.7914221385083509	0.20825070855190386
60	0.00011640889695183486	0.00016658579828355806	0.7980822129050029	0.20163479239976725
61	0.00010069636425261753	0.0001441004282922302	0.8045306283929183	0.19522457481454236
62	8.71046528083865e-05	0.00012465008425163547	0.8107739759537741	0.18901426930917145
63	7.53475030433428e-05	0.00010782510172024402	0.8168186597408262	0.18299816765441584
64	6.517729582610769e-05	9.327111715747741e-05	0.8226708998277094	0.17717065175931276
65	5.6379831017606335e-05	8.068159432098595e-05	0.8283367352964619	0.17152620327820536
66	4.876982299188082e-05	6.979137714929162e-05	0.8338220276102034	0.16605941118966125
67	4.2186992780856634e-05	6.0371096734634675e-05	0.8391324642013122	0.16076497770917805
68	3.6492695206650754e-05	5.222234411051149e-05	0.8442735622205707	0.15563772274011772
69	3.1566998026726626e-05	4.5173490037945785e-05	0.849250672430449	0.15067258708149184
70	2.730615967240228e-05	3.907607530414042e-05	0.8540689831572879	0.1458646346077412
71	2.3620438845550252e-05	3.3801675997006416e-05	0.8587335243266424	0.14120905355852065
72	2.0432206677532917e-05	2.9239201811684906e-05	0.8632491715121837	0.13670115707933256
73	1.767431522552464e-05	2.5292561222793747e-05	0.8676206499890133	0.13233638313454374
74	1.5288676543492964e-05	2.1878628022152088e-05	0.8718525387934676	0.12811029390197212
75	1.3225045900535312e-05	1.8925500018328492e-05	0.8759492747306493	0.12401857472343711
76	1.1439959995992434e-05	1.637097955432633e-05	0.8799151563624803	0.12005703269797476
77	9.8958201526941e-06	1.4161261503538832e-05	0.8837543479456097	0.11622159497273946
78	8.560105056191112e-06	1.2249806657115911e-05	0.8874708832842032	0.1125083068040889
79	7.404681580095731e-06	1.0596355480287096e-05	0.8910686695501016	0.10891332941284346
80	6.405215054901013e-06	9.166084179134813e-06	0.894551491000268	0.10543293770050348
81	5.540653774157352e-06	7.928867005763667e-06	0.8979230126545288	0.1020635178246971
82	4.7927889297665064e-06	6.858646506786597e-06	0.9011867838462627	0.09880156471830667
83	4.1458692199082495e-06	5.932882011309883e-06	0.9043462417285956	0.09564367952017916
84	3.5862692695193634e-06	5.132075127344938e-06	0.9074047146840026	0.09258656697160636
85	3.1022028855707976e-06	4.439359398913491e-06	0.9103654256460324	0.08962703279168915
86	2.68347464129416e-06	3.840144813588587e-06	0.9132314953409999	0.08676198103955128
87	2.3212653575770926e-06	3.3218108183275813e-06	0.9160059454383012	0.0839884114855292
88	2.007946236403956e-06	2.8734403375611606e-06	0.918691701619834	0.08130341699359835
89	1.7369182518569592e-06	2.48558993585813e-06	0.9212915965620738	0.07870418092974493
90	1.5024730092158454e-06	2.1500907022740434e-06	0.9238083728385327	0.07618797459776246
91	1.299672725506048e-06	1.859876498219392e-06	0.9262446857324587	0.07375215471832434
92	1.1242458749721962e-06	1.6088346224222127e-06	0.9286031059805757	0.07139416093893368
93	9.72497778923264e-07	1.3916778618360255e-06	0.930886122415667	0.06911151340869898
94	8.412322348909224e-07	1.2038323402074162e-06	0.9330961445568502	0.0669018103785815
95	7.27684615893028e-07	1.041341780777082e-06	0.9352355050996554	0.06476272587395471
96	6.294634114648326e-07	9.007838494522703e-07	0.937306462346301	0.0626920074064448
97	5.444999313073928e-07	7.791981789743372e-07	0.9393112025561192	0.060687473745777334
98	4.710045776863153e-07	6.740237932000492e-07	0.9412518422337802	0.058747012737855896
99	4.074294554979618e-07	5.830456008077012e-07	0.9431304303254113	0.0568685791995392
100	3.5243554807883854e-07	5.043474227417805e-07	0.9449489503718568	0.055050192845179195
