	E	E_M	E_P2	E_P_1	E_P_2	M	P	P2	T
0	0.00015	0.0	0.0	0.0	0.0	0.0	1.0	0.0	0.0
1	7.991278083037202e-05	2.49265336508222e-06	1.8895425789381156e-08	6.0318175653165665e-05	7.257494725590999e-06	0.04327549771516391	0.9520946127628097	0.0021486710054474264	0.002411131297411431
2	8.050587751189304e-05	4.6591878680485695e-06	3.729092488719098e-08	5.7838510852507815e-05	6.959132842663684e-06	0.08027205823045584	0.906229321236069	0.004203764669268898	0.009225361741720096
3	8.12128015312238e-05	6.539239139475482e-06	5.521907108069095e-08	5.551337408380226e-05	6.679366174418285e-06	0.11167258426745039	0.8622279183948831	0.006167939402576377	0.019862770736624583
4	8.202390160401933e-05	8.167322693096346e-06	7.277081494558165e-08	5.3320490738437575e-05	6.415514149501579e-06	0.1380906344995095	0.8199793612068873	0.00804635934432593	0.033815668850885
5	8.293111550683828e-05	9.571973939315768e-06	9.00196812952465e-08	5.124152110218154e-05	6.165369770369705e-06	0.16006545709207703	0.7793883114888815	0.009843449582680375	0.05063571295187038
6	8.392757067707452e-05	1.077706220668991e-05	1.0702500260194672e-07	4.926124090481554e-05	5.927101208818587e-06	0.17807458023617706	0.7403724136772049	0.011563024855816641	0.0699239088014814
7	8.500725781311147e-05	1.1802788142459062e-05	1.238343113878769e-07	4.73669410570056e-05	5.699178676036548e-06	0.19254372132815237	0.7028601223245997	0.013208392408124228	0.09132277119693959
8	8.616482101096896e-05	1.2666423665393273e-05	1.404851124642645e-07	4.5547951951946486e-05	5.48031825922779e-06	0.20385466655752274	0.666788943012594	0.01478243542318967	0.11451011982770767
9	8.73953596816771e-05	1.3382904222230997e-05	1.570062239568504e-07	4.379529046597482e-05	5.269439406160974e-06	0.212351592614992	0.632103988015039	0.016287681678064013	0.1391941330515891
10	8.869425353066532e-05	1.3965295083094601e-05	1.7341880247147375e-07	4.210140019302074e-05	5.065632390748756e-06	0.21834617713625126	0.5987567744249915	0.01772636082138826	0.1651093818709006
11	9.005706878242841e-05	1.442514180671198e-05	1.8973712226093937e-07	4.045992041116154e-05	4.868131877437989e-06	0.22212175686681154	0.5667042110270525	0.019100452803319245	0.19201363637160102
12	9.147944335299316e-05	1.4772767273756532e-05	2.059691958884538e-07	3.886552342623586e-05	4.6762967511266265e-06	0.22393672937898368	0.5359077336529889	0.02041172934614541	0.2196852870652369
13	9.295700647823296e-05	1.5017504813996303e-05	2.2211727418839327e-07	3.731377771723869e-05	4.489593716344371e-06	0.2240273489436501	0.5063325586553126	0.021661789879642936	0.24792125952787414
14	9.448531594004119e-05	1.5167885233650613e-05	2.3817826638680587e-07	3.5801036579022e-05	4.307583980900219e-06	0.22261003343789398	0.4779470315353923	0.02285209301319809	0.27653532732945657
15	9.605979870894436e-05	1.5231795203250599e-05	2.541441178082617e-07	3.43243495627555e-05	4.1299124072421e-06	0.21988327494246113	0.4507220533253236	0.023983984352587695	0.3053567471783368
16	9.767572001648087e-05	1.5216596078718453e-05	2.7000215972776685e-07	3.2881383535828035e-05	3.9562982092455975e-06	0.2160292277475024	0.4246305717070049	0.025058721261401618	0.3342291550041083
17	9.932815708826845e-05	1.5129223180860022e-05	2.857354611847322e-07	3.1470357228103735e-05	3.786527041583556e-06	0.2112150339531051	0.3996471271695326	0.026077495008056145	0.3630096720263949
18	0.00010101198134697596	1.4976267399433196e-05	3.0132319930420935e-07	3.0089984025014216e-05	3.6204440292726087e-06	0.20559393588353703	0.3757474472111334	0.02704145061068132	0.391568178275997
19	0.00010272186188052911	1.476403222905714e-05	3.167410536212206e-07	2.87394175157796e-05	3.4579473210129795e-06	0.1993062165399339	0.35290808365524723	0.027951704593641418	0.419786717073061
20	0.00010445226492227598	1.4498586636544359e-05	3.319616459039912e-07	2.7418204576771926e-05	3.2989822185040216e-06	0.1924800027425819	0.33110608979220046	0.02880936079089895	0.44755899893924445
21	0.00010619749809158919	1.4185779805287897e-05	3.4695500414849283e-07	2.6126231900941128e-05	3.1435351980334803e-06	0.18523196041155648	0.31031873534746074	0.029615524271274115	0.474789977467804
22	0.00010795171828967235	1.3831278857952812e-05	3.6168909866687186e-07	2.4863685243078035e-05	2.9916285106301495e-06	0.17766790716533568	0.2905232581530173	0.03037131341871637	0.5013954729812229
23	0.00010970898776623902	1.3440567883538894e-05	3.761303973727812e-07	2.3630999505211367e-05	2.843314447638067e-06	0.16988336371993557	0.27169665206657645	0.031077870172373567	0.5273018230288835
24	0.00011146332415642109	1.3018948838631644e-05	3.9024446292387807e-07	2.2428812762848105e-05	2.6986697791752446e-06	0.16196406230136337	0.25381549101359824	0.031736368416609165	0.5524455415925896
25	0.00011320875395797753	1.2571538680633717e-05	4.03996583704143e-07	2.1257920602100472e-05	2.557790175583944e-06	0.15398642734952508	0.23685578911335683	0.03234802051115542	0.5767729717799243
26	0.00011493938373679178	1.2103250499289364e-05	4.173524028622707e-07	2.011922872920712e-05	2.4207846318491467e-06	0.14601804090773016	0.22079289678910527	0.03291408195821491	0.6002399197286904
27	0.00011664945947999794	1.1618782704942058e-05	4.3027856093546777e-07	1.9013709191849753e-05	2.28777006227428e-06	0.13811810253564247	0.20560143237590386	0.033435854226306266	0.62281126032163
28	0.00011833344068631985	1.1122594621780233e-05	4.4274330657256736e-07	1.7942355386241227e-05	2.158865999085702e-06	0.13033789098159854	0.19125524834025484	0.03391468577482902	0.6444605083440057
29	0.00011998606372283995	1.0618888362472594e-05	4.54717079411386e-07	1.6906141214032367e-05	2.0341896212433728e-06	0.12272123241618968	0.17772743064645674	0.034351971355630145	0.6651693516454477
30	0.00012160240597522031	1.0111587356145175e-05	4.661730357696168e-07	1.5905982501856244e-05	1.9138511310084046e-06	0.11530497783555695	0.16499032918321757	0.03474914970267776	0.684927145684524
31	0.00012317794355768736	9.604317305493105e-06	4.77087506359909e-07	1.4942702035011172e-05	1.797949595448212e-06	0.10811949020080451	0.15301561650647943	0.035107699756811446	0.703730371479463
32	0.000124708586749989	9.100400413747868e-06	4.87440386808659e-07	1.4017003015423589e-05	1.6865694340302473e-06	0.10118914007924835	0.14177437159424253	0.035429135602898766	0.7215820613103613
33	0.00012619074982968227	8.60282027495674e-06	4.972153957221062e-07	1.3129437235654242e-05	1.5797772639842092e-06	0.0945328070677822	0.1312371848570132	0.0357150003216941	0.7384911985033424
34	0.00012762134822138333	8.114238510069614e-06	5.064002950328491e-07	1.2280393187542925e-05	1.477619785971075e-06	0.08816438321074735	0.12137428012164722	0.03596685898502803	0.7544720990308004
35	0.00012899783062955662	7.636981135357116e-06	5.149869690266697e-07	1.1470079184177082e-05	1.3801220818825587e-06	0.08209327374862725	0.11215564931022624	0.03618629102437598	0.7695437837474012
36	0.00013031818285742967	7.173042688674246e-06	5.229714228689038e-07	1.069851632009571e-05	1.2872867109312829e-06	0.07632489021282084	0.10355119517110561	0.036374882219980025	0.783729350578952
37	0.00013158092441062176	6.724092237107626e-06	5.303536880364781e-07	9.965536218300762e-06	1.1990934459331657e-06	0.07086113067006962	0.09553087787249305	0.0365342165337944	0.7970553558480544
38	0.00013278509092606432	6.291487590740499e-06	5.371376504058957e-07	9.270784199163146e-06	1.1154996336259446e-06	0.06570084223279248	0.08806486121796996	0.03666586801103878	0.8095512136291256
39	0.00013393021324734634	5.876288379152907e-06	5.433308033771807e-07	8.613726487598873e-06	1.0364410825243647e-06	0.06084026133763721	0.0811236547888923	0.036771392945453445	0.8212486211412664
40	0.0001350162826757679	5.479278187422037e-06	5.489439506403737e-07	7.993661757525322e-06	9.618334286439663e-07	0.05627342796502876	0.07467824875037847	0.03685232247958552	0.8321810170876854
41	0.00013604371552793456	5.1009844184443196e-06	5.539908610038479e-07	7.409735332952855e-06	8.915738596642167e-07	0.051992570744776805	0.06870023865161654	0.03691015577924872	0.8423830785398861
42	0.00013701331270560166	4.741700454009551e-06	5.584878953553266e-07	6.860955825655749e-06	8.255431193773361e-07	0.047988460740001036	0.06316193813714274	0.03694635388953393	0.8518902605460286
43	0.00013792621085634927	4.401514221836962e-06	5.62453623539265e-07	6.346213586739842e-06	7.636077115343922e-07	0.04425073251432345	0.0580364779727182	0.03696233435347546	0.8607383813703395
44	0.00013878383990120627	4.080329857757702e-06	5.659084307733128e-07	5.864299621975377e-06	7.056221882871182e-07	0.04076817198616789	0.053297890602628524	0.03695946663109986	0.8689632546200046
45	0.00013958787419779062	3.777895216577789e-06	5.688741377005623e-07	5.413924973554094e-06	6.514314743767874e-07	0.03752897124961434	0.048921179745292614	0.03693906834095199	0.8766003685383381
46	0.0001403401939459206	3.4938199489884996e-06	5.713736280009668e-07	4.993739346322006e-06	6.008731307679353e-07	0.03452095122783615	0.04488237512336662	0.0369024023150039	0.8836846115277386
47	0.00014104283035626668	3.2276098109954573e-06	5.7343051725039e-07	4.6023497601132365e-06	5.5377955537427e-07	0.03173175356898387	0.04115857281060171	0.036850674437360585	0.8902500420134091
48	0.0001416979377739029	2.978676396533305e-06	5.750688267459009e-07	4.238337006164733e-06	5.099799966534291e-07	0.02914900360129228	0.037727961959311176	0.03678503222263423	0.8963297001545348
49	0.00014230774882437685	2.746364797400865e-06	5.763127090134868e-07	3.900271241407922e-06	4.693024278008684e-07	0.02676044647725397	0.0345698389311179	0.036706564076194916	0.9019554582642562
50	0.00014287454649617568	2.5299661774132224e-06	5.771861941137807e-07	3.586725919436461e-06	4.315752128610113e-07	0.02455405882991438	0.03166461001316601	0.036616299170522004	0.9071579065328927
51	0.00014340063198780778	2.3287365160341902e-06	5.77712978010119e-07	3.2962899436301605e-06	3.9662857451792776e-07	0.022518138383030534	0.028993784028581517	0.03651520786544954	0.9119662703549255
52	0.0001438883012559658	2.141908515729764e-06	5.77916239824298e-07	3.0275781357393514e-06	3.642958527409257e-07	0.02064137394645007	0.026539956146830915	0.036404202600690876	0.9164083556072833
53	0.00014433981887787504	1.968707970718667e-06	5.778184975023906e-07	2.7792400882991133e-06	3.344145656049603e-07	0.018912898182766993	0.02428678420698843	0.036284139188899674	0.9205105182402211
54	0.0001447574070257395	1.80835697739077e-06	5.774414821499795e-07	2.549967245553794e-06	3.0682726916612656e-07	0.017322325467982652	0.02221895887821012	0.036155818437419725	0.9242976546234123
55	0.00014514322496287027	1.6600881342353696e-06	5.768060524388014e-07	2.338498608532968e-06	2.8138224192276375e-07	0.01585977697397018	0.020322168829121426	0.03601998803514554	0.9277932093867246
56	0.00014549935910851362	1.5231496694168928e-06	5.759321264197954e-07	2.143625091833689e-06	2.579340038159849e-07	0.014515894949471793	0.018583062010920297	0.03587734464480289	0.9310191977539128
57	0.00014582781802687889	1.3968071796636338e-06	5.748386328333777e-07	1.9641924774125884e-06	2.3634368321156194e-07	0.013281848024012818	0.01698920409480044	0.03572853614468819	0.9339962395545244
58	0.000146130517356316	1.2803562925187462e-06	5.735434938760463e-07	1.7991035949762757e-06	2.164792623127165e-07	0.012149329163367573	0.015529034979518143	0.035574163970638714	0.9367436024038297
59	0.00014640928319970334	1.1731183177237364e-06	5.720636077347678e-07	1.6473191792568065e-06	1.9821569558120993e-07	0.011110547674343434	0.014191824109546978	0.03541478551857636	0.9392792519807305
60	0.00014666584712055066	1.074444908610875e-06	5.704148549730836e-07	1.5078581749215893e-06	1.8143494094371372e-07	0.010158216530322204	0.012967625311277042	0.0352509165698048	0.9416199074357144
61	0.00014690184322372292	9.837214406792877e-07	5.686121152971328e-07	1.3797973133722856e-06	1.6602590692837771e-07	0.009285536115945544	0.011847231742476922	0.03508303370741283	0.943781100277387
62	0.0001471188122066882	9.003641017480327e-07	5.666692879448245e-07	1.2622700716666032e-06	1.5188433195220047e-07	0.008486175260053188	0.010822131356086818	0.03491157670238717	0.9457772354936783
63	0.0001473181992539672	8.238235417444958e-07	5.645993258539323e-07	1.1544652670714826e-06	1.3891261136292838e-07	0.007754250415050141	0.009884463369308672	0.03473695084355024	0.9476216535713434
64	0.00014750135813044332	7.53582769449809e-07	5.624142700639939e-07	1.0556252479753753e-06	1.2701958206782164e-07	0.007084303597105646	0.009026975992206462	0.03455952919790832	0.9493266925709078
65	0.0001476695481176025	6.891622122958058e-07	5.601252957176894e-07	9.650440976068147e-07	1.1612027677759237e-07	0.006471279596654807	0.008242985614259964	0.03437965479093632	0.9509037495462642
66	0.00014782396039257224	6.300971029220539e-07	5.57742730936413e-07	8.820641307461576e-07	1.0613564282361049e-07	0.005910502956576256	0.007526337700233585	0.03419764269383053	0.9523633406097497
67	0.00014796568030218545	5.759752735752027e-07	5.552761443670621e-07	8.060760004364317e-07	9.699227943619344e-08	0.005397655029709098	0.006871369466944885	0.03401378201385521	0.9537151591697904
68	0.00014809572753731603	5.26402188515551e-07	5.527343513797149e-07	7.365138021094205e-07	8.862212067975902e-08	0.004928751434062353	0.006272874465413089	0.03382833778178061	0.9549681320462792
69	0.00014821504798113403	4.810106101438829e-07	5.501254725898037e-07	6.728537887042732e-07	8.096214742877963e-08	0.004500120065469009	0.005726069042005736	0.03364155273758059	0.9561304732029238
70	0.00014832451468164423	4.3946255840157944e-07	5.474569807931557e-07	6.146116895621832e-07	7.395408959972856e-08	0.004108379870977793	0.005226560739178382	0.033453649011645444	0.9572097348928776
71	0.0001484249356844572	4.01444194889316e-07	5.447357403625817e-07	5.613402491220914e-07	6.75441311697545e-08	0.0037504204817502026	0.004770318596804325	0.033264829703709406	0.9582128561534186
72	0.00014851705662942977	3.666658362781226e-07	5.419680504193353e-07	5.126268590689847e-07	6.168262480456629e-08	0.0034233828134735355	0.004353645354442071	0.03307528035965048	0.9591462085290615
73	0.0001486015662655431	3.348589880935351e-07	5.391596837388928e-07	4.6809124825861385e-07	5.6323814366617554e-08	0.003124640624926931	0.003973151425424379	0.03288517035312786	0.960015639162784
74	0.0001486790979375087	3.057773012682399e-07	5.363159267616964e-07	4.2738326670582996e-07	5.142556775630642e-08	0.0028517831259664496	0.003625730664756099	0.032694654171156384	0.9608265111360555
75	0.0001487502374307598	2.791910716224185e-07	5.334416124752676e-07	3.9018076282593423e-07	4.694912231740021e-08	0.002602598606141715	0.0033085378132269934	0.032503872609944244	0.9615837412081143
76	0.000148815517706987	2.5489469682008975e-07	5.305411628538329e-07	3.5618759023024934e-07	4.2858843109638694e-08	0.002375059069572967	0.0030189675332178384	0.03231295388552787	0.9622918350293855
77	0.00014887543556390387	2.3269218036639024e-07	5.276186085910422e-07	3.251316561042222e-07	3.912199103541371e-08	0.002167305872562695	0.0027546349768757424	0.03212201466261116	0.9629549199235113
78	0.0001489304436016027	2.124071014485409e-07	5.246776300625955e-07	2.967631585407848e-07	3.570850834642872e-08	0.0019776363377758672	0.0025133578079405256	0.031931161005838905	0.9635767752920434
79	0.00014898095877187269	1.9387595373562114e-07	5.217215805560161e-07	2.7085287964081254e-07	3.259081419585176e-08	0.0018044912852534143	0.0022931395632265574	0.03174048925958725	0.9641608608507014
80	0.00014902736213864205	1.7695013404199512e-07	5.187535151031099e-07	2.471905987249282e-07	2.974361348908972e-08	0.0016464434487636534	0.0020921542828686228	0.03155008686013368	0.964710342770369
81	0.00014907000379003942	1.6149266654213611e-07	5.157762133505458e-07	2.2558361123840386e-07	2.714371883081201e-08	0.001502186746384763	0.0019087323441904864	0.03136003308377783	0.9652281178294335
82	0.00014910920519302175	1.473773744267766e-07	5.127922022685626e-07	2.0585534616073413e-07	2.4769884123592214e-08	0.0013705263546017268	0.001741347413496065	0.03117039973557038	0.9657168357015216
83	0.0001491452606135066	1.3448888071298648e-07	5.098037780443987e-07	1.8784407808771525e-07	2.2602649649907894e-08	0.0012503695173795711	0.0015886044111708842	0.030981251784028024	0.9661789195480318
84	0.00014917843898895527	1.2272205095224918e-07	5.068130257806443e-07	1.7140173583681297e-07	2.0624198476822332e-08	0.001140717078768039	0.0014492284614213535	0.030792647943683655	0.9666165849551128
85	0.00014920898709857908	1.1198005054703656e-07	5.038218365001398e-07	1.5639279133364442e-07	1.8818223041642994e-08	0.0010406556646724064	0.0013220547202057059	0.030604641210927163	0.9670318573912894
86	0.00014923713078073553	1.0217425600383776e-07	5.008319241932605e-07	1.426932370817965e-07	1.7169801987065195e-08	0.0009493504983559572	0.0012060190522131095	0.03041727935498067	0.9674265882252282
87	0.0001492630762074889	9.322402940612214e-08	4.978448414440346e-07	1.30189635846727e-07	1.566528581592599e-08	0.0008660387623754182	0.0011001494378310452	0.030230605369886445	0.9678024695061119
88	0.0001492870124815516	8.50550869026832e-08	4.948619926981133e-07	1.1877824706078654e-07	1.4292191788563732e-08	0.0007900235190380402	0.0010035581191658815	0.030044657887593026	0.9681610474866821
89	0.00014930911228397504	7.759974250483993e-08	4.918846474635583e-07	1.0836421927266146e-07	1.3039106785657649e-08	0.0007206681245513598	0.0009154343972712995	0.029859471556603383	0.968503735033855
90	0.0001493295339018246	7.079570079434741e-08	4.889139521085669e-07	9.88608473717751e-08	1.1895597902540202e-08	0.0006573910841359324	0.000835038009186152	0.029675077389708326	0.9688318230508686
91	0.00014934842107715353	6.45869641144297e-08	4.859509412141132e-07	9.01888875287734e-08	1.0852129990942869e-08	0.0005996613484541084	0.0007616930817405238	0.029491503081493415	0.9691464909093851
92	0.0001493659061778285	5.8921357992037146e-08	4.829965464242959e-07	8.227592777724879e-08	9.899989979758645e-09	0.0005469939851833689	0.0006947825750309725	0.029308773299701402	0.9694488160462574
93	0.00014938210993024835	5.3751436998025434e-08	4.800516059619806e-07	7.505580955711544e-08	9.031217236535955e-09	0.0004989462292564228	0.0006337432177124582	0.029126909950934587	0.9697397827120221
94	0.00014939714206846328	4.9034421440987494e-08	4.771168736574523e-07	6.846809674454954e-08	8.238539695594991e-09	0.000455113848522218	0.0005780608517171564	0.02894593242449198	0.9700202900173321
95	0.00014941110350768152	4.473056433372676e-08	4.7419302527329026e-07	6.245758758362324e-08	7.515315129677934e-09	0.00041512782351043676	0.0005272661831643079	0.02876585781489462	0.970291159281934
96	0.00014942408686923882	4.080311946766243e-08	4.7128066579631965e-07	5.69738680712896e-08	6.855477427779707e-09	0.00037865130943889706	0.00048093089765511557	0.028586701125269124	0.9705531407545014
97	0.00014943617430626313	3.722096658202937e-08	4.6838033789307895e-07	5.197090215231369e-08	6.253487111231538e-09	0.00034537684677752103	0.00043866409607472	0.028408475453612598	0.9708069197778366
98	0.00014944744385509857	3.39526810308638e-08	4.6549252338910535e-07	4.74066541934899e-08	5.704286289707628e-09	0.00031502382562437377	0.0004001090567089981	0.0282311921622987	0.9710531223992183
99	0.000149457965873923	3.097047222466377e-08	4.6261765175635267e-07	4.324274517234288e-08	5.203256925349403e-09	0.0002873361390877558	0.00036494024061760403	0.028054861033998322	0.9712923205521656
100	0.00014946780348633017	2.8250084055473225e-08	4.5975610502233863e-07	3.944414111385974e-08	4.746183479978152e-09	0.0002620800852911463	0.00033286061544854736	0.027879490412317146	0.9715250366904253
