	s1	s10	s11	s12	s13	s14	s15	s16	s17	s2	s3	s4	s5	s6	s7	s8	s9
0	100.0	0.0	0.0	0.0	0.0	0.0	0.0	0.0	0.0	0.0	0.0	0.0	0.0	0.0	0.0	0.0	0.0
1	0.6551548031706396	0.500457747360006	0.6666759658044398	1.4690060160459437	2.143164183697592	0.2696396819691862	0.5599090239528777	0.219316230591034	0.15810572047530919	48.012862908842386	14.556262520973005	0.6708877252291814	12.77014351997777	7.267347042726393	0.19547288980505265	5.723178124888988	4.162415894490293
2	0.4542838452142129	1.06410794334149	0.670811516024321	1.4297121493643974	2.0802908542117433	0.2700196782142605	0.5177412881594158	0.217566092055687	0.1598111897359514	35.36604016839761	27.40607281592429	0.7316051544634768	12.624864054549166	7.150186253163339	0.17817449236181	5.813693798365502	3.8650187064534745
3	0.43736812308345335	1.5934211643114768	0.6733482266381339	1.3892924438546426	2.0162486967319877	0.26978029574495405	0.47872933413023305	0.21538509886687415	0.1611290498150312	26.344664124971793	36.61039175574196	0.6909214670528214	12.45659299932876	7.021890843371502	0.16247839938432856	5.890122721816958	3.588235255155228
4	0.4195583996225666	2.091304161167055	0.675096847992064	1.3495083911949546	1.953583184501581	0.26925161500465306	0.4431842525100585	0.2130434665014745	0.16225008863065782	19.93052451296935	43.224607785123105	0.6531641958028588	12.281058293727025	6.891380149237823	0.14841880968939505	5.959305195642831	3.3347606506826986
5	0.4054517416854815	2.5604143118331915	0.6761692301243539	1.3105348388965283	1.8925210568598616	0.26847969510314973	0.4108241136539442	0.21057826745122127	0.1632000966104019	15.361041737698901	47.9940690925016	0.6257399837972275	12.100369134213722	6.759789928107834	0.13583092827665133	6.022138232890913	3.1028476102951688
6	0.39452411441200735	3.00325014246761	0.6767215893142705	1.272640156049739	1.833426482723177	0.26752829644167436	0.3814359521598556	0.20804062918754082	0.16401552260352173	12.102353873237886	51.4476550234194	0.6065336389355108	11.91744765207994	6.628715706128677	0.12458320155853525	6.079909906608757	2.8912181126720538
7	0.385941470481531	3.4221619070986247	0.6768752959665507	1.2360078657103768	1.7765403264112165	0.2664467417202011	0.35480204957665473	0.20546943544088078	0.16472474632343406	9.775828766417135	53.9614374497295	0.5932368663266222	11.734494304391651	6.499336782299742	0.1145501276896503	6.133623797500465	2.698522066915933
8	0.3790590260719398	3.8193394669059075	0.6767192985790063	1.2007451495745516	1.721992869317551	0.2652709781197736	0.33070195907828404	0.20289232662370432	0.16534860915824034	8.112360032590292	55.802961346485986	0.5841219860395692	11.55304906581783	6.372453382833031	0.10561208213612347	6.18401653681258	2.5233558838557983
9	0.37341147091369775	4.1968066523924	0.6763185734663099	1.1669043098947591	1.6698353883817476	0.2640270705298802	0.30891945800690107	0.2003286657949187	0.16590237697430318	6.920618633369744	57.162618069962654	0.5779523981321346	11.374166780288288	6.24858853491968	0.09765696056735351	6.231627284526402	2.3643173718789945
10	0.36866607884406133	4.556422228322585	0.6757208724635758	1.1344996557143583	1.6200649560008291	0.2627339865433043	0.2892474560313517	0.19779189505643907	0.16639730997016655	6.064562635741422	58.175938921055575	0.5738491265078104	11.198556277948528	6.128068713911325	0.09058116573397539	6.276853391227868	2.220045328926997
11	0.36458500639181496	4.89988530025151	0.6749616060895891	1.1035196320157397	1.5726422208853048	0.2614056115138164	0.2714909103512715	0.19529123913541266	0.16684179889439374	5.447456574284309	58.93944401826678	0.5711883237095349	11.026680896132625	6.011082050452183	0.08428995931182928	6.319990690099047	2.0892441622150058
12	0.36099800592489933	5.2287434285019145	0.6740673292899408	1.073935405062014	1.5275039639944235	0.26005218697752375	0.2554683248214154	0.19283292075923494	0.16724217604711714	5.000510906077888	59.52191043149394	0.5695275739299522	10.858830152784577	5.8977197799079235	0.07869738284654108	6.361262253432562	1.970697778148299
13	0.3577829673833309	5.544402237924419	0.6730582254893981	1.045706912938366	1.4845719193446358	0.2586813357664311	0.2410122958489183	0.19042102618649648	0.16760329314475578	4.674805256433046	59.97238373178991	0.5685534104898493	10.695170750984445	5.78800568869106	0.07372590897342221	6.4008388790554465	1.8632761595562302
14	0.3548520726453056	5.848135702792199	0.6719498772736647	1.0187871145493783	1.4437589420190247	0.2572987927734156	0.22796943428807945	0.18805812160413787	0.16792893315573176	4.435546184746732	60.325874252472374	0.5680439963209105	10.535782866104896	5.681917016098118	0.06930593518839993	6.438853687286599	1.7659370706812096
15	0.35214194584110675	6.141096562411371	0.670754529472599	0.9931249600399421	1.4049732951693092	0.25590892626555506	0.21619989240413265	0.18574569225771032	0.16822210400341733	4.257984671980712	60.60740726464655	0.5678425931881063	10.380685962420973	5.579399279404483	0.06537519615807091	6.475412527601605	1.6777245967345416
16	0.34960664567008015	6.424326515723744	0.6694819910519423	0.9686674545487406	1.3681216047584939	0.2545151101503566	0.2055766537357994	0.18348445544810837	0.16848524821441577	4.124513589713283	60.83490283951686	0.5678387019245525	10.229857160738257	5.480376777888969	0.061878145015344097	6.510601403962189	1.5977657019390439
17	0.34721267878412104	6.6987659766151575	0.6681402799368487	0.9453610796344767	1.3331108719720273	0.2531199901546452	0.19598469350263012	0.18127458376121022	0.1687203927478835	4.022604083917745	61.02122364670429	0.5679546563158694	10.083244305960505	5.38476002432695	0.0587653363302582	6.544491778588172	1.525265620747377
18	0.34493545047572005	6.9652632633296365	0.6667360848207121	0.9231527602264564	1.2998498203000513	0.25172567447011684	0.18732008199316966	0.1791158643954244	0.16892925624225658	3.943338386726447	61.17563117423639	0.568136094090156	9.940775262942493	5.292450991849728	0.05599283119215751	6.577144365633406	1.4595026370758737
19	0.34275673761343145	7.224583157613081	0.6652750966271435	0.9019905105610765	1.2682497740002794	0.250333870596544	0.17948907877125378	0.1770078129834384	0.1691133259378318	3.8803666681334024	61.3048213375137	0.5683451842276678	9.802364527616364	5.20334680758141	0.05352163646323285	6.608611849626033	1.3998226241343077
20	0.3406628886761073	7.477414810937833	0.6637622470919777	0.8818238539099752	1.23822520759051	0.24894598384215222	0.1724072484247508	0.17494975499556353	0.1692739129953604	3.829165358667344	61.4136610377309	0.5685558137185445	9.667917926653942	5.117342342149879	0.051317184594720226	6.638940838006358	1.3456335900143037
21	0.3386435410348484	7.724379002407448	0.6622018811174639	0.8626040834119088	1.209694065441957	0.24756318847880637	0.16599861676493824	0.17294088403497207	0.1694121924135141	3.7865098109925466	61.5057120863634	0.5687501673005005	9.537335955723357	5.034332014462448	0.04934885662976503	6.668173267790703	1.2964003856316304
22	0.3366907062414062	7.966034770269897	0.6605978818649864	0.8442844117864029	1.182577921718936	0.24618647937863966	0.16019487828726547	0.1709803036507308	0.16952923195911074	3.7500993471211137	61.58360394168559	0.5689162974140513	9.410516147766833	4.954211038956355	0.04758954856205533	6.696347422923728	1.2516396704131352
23	0.3347981171993644	8.2028854493724	0.6589537620838519	0.8268200438141913	1.1568020304139774	0.24481670970241057	0.15493466022428362	0.16906705738438949	0.1696260132510647	3.7182906485000906	61.64929894058366	0.5690463980616087	9.287354749848971	4.876876276944231	0.046015279676101827	6.723498673723903	1.2109151892157277
24	0.3329607617445384	8.435384152590016	0.6572727312851901	0.8101681955967511	1.1322953006666137	0.24345461860549683	0.1501628448730726	0.16720015040764194	0.16970344723395409	3.689908176670271	61.70428108348298	0.5691355790248283	9.167747906862038	4.802226807038819	0.04460484057477878	6.749660017719127	1.1738333856241046
25	0.33117454894822573	8.663938736812824	0.6555577456050348	0.7942880775922307	1.1089902222119672	0.2421008517866034	0.14582994950346098	0.16537856514272342	0.16976238563354706	3.6641093603045936	61.74969045661288	0.5691809957207256	9.051592493300005	4.730164296480659	0.04333947809937218	6.774862478339926	1.1400393579054482
26	0.3294360699610296	8.888916294490109	0.6538115452322439	0.7791408534365629	1.0868227584549102	0.2407559768920516	0.14189156166485792	0.1636012725695513	0.16980362952848851	3.6402887221994527	61.786418990988636	0.5691812318312104	8.93878669367836	4.660593231586427	0.042202614131235626	6.799135401685663	1.1092131516694306
27	0.32774242622949934	9.110647210817827	0.6520366828777929	0.7646895830174831	1.065732219451467	0.23942049521119568	0.13830782682576118	0.16186724043479375	0.1698279358467243	3.6180096924404777	61.815178722347675	0.5691358615682841	8.829230403292314	4.593421048757775	0.04117959522980952	6.822506680028566	1.0810663756227912
28	0.32609110575658223	9.329428824904186	0.6502355457656426	0.7508991557516865	1.0456611233755178	0.23809485068736333	0.13504298480921476	0.1601754392298997	0.169836022363362	3.5969561074488485	61.836550489405134	0.5690451395879612	8.722825500433945	4.528558195542928	0.04025747014414782	6.845002922495346	1.0553391222984625
29	0.3244798936522242	9.54552873084155	0.6484103729158383	0.7377362182332015	1.0265550524322844	0.23677943697590406	0.13206495131605261	0.1585248465572403	0.16982857161155668	3.576897707814089	61.85101871341938	0.5689097816031373	8.619476026546687	4.465918142746694	0.03942479239766917	6.866649587510131	1.0317971734265696
30	0.3229068071719928	9.75918775262188	0.6465632689881915	0.7251690991421299	1.0083625072982727	0.23547460307360407	0.12934494075485584	0.15691445032768356	0.16980623400110667	3.5576655871755936	61.85899627608538	0.5687308094027861	8.519088300395767	4.405417362534665	0.03867144530785495	6.887471087435325	1.0102294682831365
31	0.32137004828295423	9.97062262339445	0.6446962155910528	0.7131677334236446	0.991034762890432	0.23418065789356154	0.12685712681420708	0.15534325110615682	0.16976963035481776	3.539134721687012	61.86084234485396	0.5685094416357788	8.421570984864985	4.346975283169295	0.03798848706391141	6.90749087284745	0.990445814126555
32	0.31986796877833157	10.18002839791785	0.6428110807081178	0.7017035870904627	0.9745257272983191	0.23289787405574236	0.12457833727586613	0.15381026383331267	0.1697193540141389	3.5212115316193473	61.85687517948865	0.5682470170616072	8.326835119745386	4.290514227949596	0.03736801364496249	6.926731501806962	0.9722748177115843
33	0.3183990444048797	10.387580624008372	0.6409096267105738	0.6907495835646659	0.9587918050840695	0.23162649108679761	0.12248777985956501	0.15231451908676105	0.16965597262241208	3.5038250234104913	61.84738136155829	0.567944940847585	8.234794130076876	4.235959343738807	0.0368030376053891	6.945214697951909	0.9555620183827894
34	0.31696185547574396	10.593437296655637	0.6389935172927355	0.6802800321542732	0.9437917656893838	0.2303667181693775	0.12056679610051475	0.15085506400005488	0.16958002966403518	3.4869204779091367	61.83262247442584	0.5676046472048221	8.145363816927564	4.183238522911632	0.03628738093988922	6.962961400179909	0.9401682042996713
35	0.3155550721674772	10.797740616225806	0.6370643235758043	0.670270559036247	0.9294866173678554	0.22911873654254156	0.1187986405104834	0.1494309629248651	0.1694920458160996	3.470454950461588	61.81283996370521	0.5672275736036355	8.058462335563227	4.132282321437144	0.03581558043106097	6.979991805912735	0.925967894718436
36	0.3141774432096226	11.000618570462425	0.6351235295591302	0.6606980409513319	0.9158394868200305	0.22788270162787547	0.11716828247048369	0.14804129789870538	0.16939252015388295	3.4543940590590205	61.788258699245674	0.5668151431773331	7.9740101645893	4.0830238750135255	0.03538280403543445	6.996325409399158	0.9128479723272728
37	0.31282778704974573	11.202186357404674	0.6331725370479704	0.6515405417342419	0.9028155046054156	0.22665874493514315	0.11566222862167558	0.14668516896349146	0.16928193123990404	3.438709690365432	61.759089607076554	0.5663687529193822	7.89193006866623	4.035398814634764	0.03498477705966143	7.011981036100193	0.9007064515757279
38	0.31150498483072625	11.402547665426882	0.6312126701554976	0.6427772516948094	0.8903816962426515	0.2254469757883022	0.11426836363612093	0.14536169436852378	0.16916073811896157	3.423378358514672	61.72553163561416	0.5658897659626582	7.812147056681292	3.989345182525699	0.03461771697785397	7.026976873940779	0.889451369520619
39	0.31020797470595285	11.601795824674369	0.6292451794507551	0.6343884298330507	0.8785068788737085	0.22424748290197177	0.11297580749447352	0.14407001068277783	0.16902938123554723	3.4083800285784687	61.68777324384136	0.5653795067282751	7.734588336765526	3.9448033491194563	0.034278275887103575	7.041330501999962	0.8789997872274465
40	0.3089357471516025	11.800014842813793	0.6272712458067033	0.6263553488314518	0.8671615633146897	0.22306033583115098	0.11177478757468697	0.14280927283509165	0.16888828328595729	3.393697271235318	61.64599354492132	0.5648392580860161	7.659183269170844	3.901715931535231	0.033963489710435606	7.055058917067472	0.8692768908284552
41	0.3076873410307094	11.997280336529078	0.6252919839893143	0.6186602427503743	0.8563178612986223	0.22188558631149513	0.11065652405042727	0.1415786540962285	0.16873785001437552	3.379314653873803	61.60036320020761	0.5642702599189702	7.585863317755965	3.860027713870085	0.033670733370123225	7.068178558387278	0.8602151825457522
42	0.30646184022829653	12.19366036949246	0.623308446020351	0.6112862573279794	0.8459493976802329	0.2207232695040199	0.1096131271924397	0.1403773460137677	0.16857847096026773	3.3652182997738924	61.55104513239955	0.5636737086564945	7.514562000646585	3.8196855695074663	0.03339768121834868	7.080705330839924	0.8517537525381312
43	0.30525837072858536	12.389216206132971	0.6213216243387836	0.6042174027852157	0.8360312273805898	0.21957340515488402	0.10863750535163669	0.13920455830812634	0.1684105201626621	3.3513955675896683	61.498195106064415	0.5630507574723632	7.445214840486503	3.780638385571373	0.033142272114508	7.092654626753728	0.8438376236041922
44	0.30407609803873425	12.584002989723558	0.6193324547811324	0.5974385090290552	0.8265397568421211	0.21843599867895908	0.10772328251016432	0.13805951873632946	0.1682343568258166	3.3378348167708847	61.44196221039896	0.5624025169317495	7.3777593145970535	3.7428369895992324	0.03290267860165637	7.104041346497082	0.8364171614377245
45	0.30291422488965275	12.778070352223795	0.6173418193967277	0.5909351831536581	0.8174526697818849	0.2173110421740926	0.10686472442969848	0.13694147292872963	0.1680503259497934	3.3245252346751863	61.38248926897106	0.5617300559355963	7.312134805287082	3.7062340784751604	0.032677279710592345	7.114879917970179	0.8294475440473572
46	0.3017719891598339	12.971462963119285	0.6153505491124681	0.5846937691211052	0.8087488570013619	0.21619851537237011	0.10605667245649363	0.1358496842031092	0.1678587589291212	3.3114567075446675	61.31991319485791	0.5610344028529212	7.248282550498344	3.6707841496189224	0.03246463694553228	7.125184315101584	0.8228882841052105
47	0.3006486619855353	13.164221022963062	0.6133594262574928	0.5787013095315039	0.8004083500673186	0.21509838653293778	0.10529448424199173	0.13478343335948795	0.16765997412180272	3.298619723576155	61.25436530340247	0.5603165467695906	7.186145594928158	3.6364434344302254	0.03226347310149485	7.134968075424401	0.8167027993065814
48	0.2995435460249387	13.356380707633123	0.6113691869588466	0.572945509366305	0.792412258632193	0.2140106132812029	0.10457398060270344	0.13374201845877673	0.1674542773910495	3.286005298619001	61.18597159263438	0.5595774387975715	7.12566874174042	3.603169833946962	0.032072653556360776	7.1442443168095995	0.8108580255467758
49	0.2984559738554052	13.547974567904546	0.609380523415746	0.5674147016212678	0.7847427112255657	0.2129351433977765	0.10389139792541027	0.13272475458761623	0.1672419626213688	3.2736049185577945	61.1148529977129	0.558817993410442	7.066798504953808	3.5709228566951103	0.03189116976525829	7.153025753409444	0.8053240689407559
50	0.29738530648499384	13.739031889104359	0.6073940860609206	0.5620978147213602	0.7773827993058195	0.21187191556086682	0.10324334550695764	0.13173097361161498	0.16702331221079916	3.2614104938177366	61.041125624484124	0.5580390897802533	7.0094830625688	3.539663558669417	0.03171812468583302	7.161324710868516	0.800073892557843
51	0.2963309319644943	13.929579014725405	0.6054104856154806	0.5569843416344343	0.7703165244079231	0.2108208600449632	0.10262676733163374	0.13076002391876917	0.1667985975406604	3.2494143226817527	60.964900965871436	0.5572415730982361	6.953672210487602	3.509354485403025	0.03155271991342718	7.169153140846121	0.7950830345148419
52	0.2952922640891667	14.11963963758749	0.6034302950427273	0.5520643106075145	0.7635287482353649	0.20978189937831665	0.10203890782772329	0.12981127015486704	0.16656807942393137	3.2376090611727473	60.88628610369528	0.5564262558679272	6.899317317291185	3.479959616097698	0.031394244325941484	7.176522634885471	0.7903293543168413
53	0.2942687411787062	14.309235062228586	0.6014540514100237	0.5473282573918966	0.7570051454496167	0.20875494896283703	0.10147728114016302	0.128884092951708	0.1663320085342433	3.2259876977733875	60.80538389835414	0.5555939191657876	6.846371279816423	3.4514443096561584	0.031242064045641307	7.183444437691903	0.78579280424896
54	0.2932598249321612	14.49838444057276	0.5994822576572154	0.5427671989773907	0.7507321591729312	0.20773991765649139	0.10093964365144245	0.12797788865042997	0.16609062581502063	3.2145435318816977	60.72229316724965	0.5547453138603927	6.794788479720564	3.4237752527562137	0.031095613594541615	7.189929459806121	0.7814552240451539
55	0.292264999346491	14.687104984519285	0.5975153842838056	0.5383726086504033	0.7446969588732639	0.20673670832277033	0.10042396930060343	0.12709206901993553	0.1658441628714775	3.20327015503388	60.63710885393272	0.5538811617927404	6.744524740870372	3.396920409693414	0.030954388067147655	7.195988289756504	0.7773001556653625
56	0.29128376969656466	14.875412157153413	0.5955538709544728	0.5341363923766336	0.7388874006173052	0.20574521834757098	0.0999284274809911	0.12622606097213424	0.1655928423452697	3.1921614343296114	60.54992218843904	0.5530021569132642	6.695537287684443	3.3708489740763694	0.030817936224187444	7.201631205684481	0.7733126767044304
57	0.2903156615702751	15.063319845003731	0.5935981280290237	0.5300508664110871	0.7332919895121357	0.20476534012598416	0.09945136321561336	0.125379306274641	0.16533687827310525	3.18121149757274	60.46082083978583	0.5521089663766349	6.647784704391638	3.3455313222625347	0.030685854388470088	7.206868186483313	0.7694792503234266
58	0.2893602199558517	15.250840513008184	0.5916485380194771	0.526108736089534	0.7278998442460204	0.20379696152023816	0.09899127940163524	0.124551261261743	0.16507647642985904	3.1704147198102075	60.3698890611459	0.5512022315940964	6.601226895226952	3.320938968507199	0.03055778105849168	7.211708922467188	0.765787590257613
59	0.2884170083761381	15.437985344284881	0.5897054569795697	0.5223030757135172	0.7227006635655924	0.20283996629103593	0.09854682086555866	0.12374139654435541	0.1648118346572962	3.1597657109882475	60.27720782839596	0.5502825692451432	6.555825045541504	3.2970445217301925	0.030433392140740055	7.216162825604574	0.7622265390758981
60	0.28748560806806955	15.624764365868334	0.5877692158281845	0.5186273095007874	0.717684694632701	0.201894234503062	0.09811676008376292	0.12294919671966739	0.1645431431786913	3.14925930456917	60.18285497230116	0.5493505722484393	6.511541583855487	3.2738216438939824	0.030312396742658246	7.220239039324717	0.7587859586813325
61	0.28656561720363527	15.811186562058476	0.5858401216109996	0.5150751935282077	0.7128427031259308	0.2009596429064982	0.09769998436652774	0.12217416008109887	0.16427058490023327	3.1388905469483204	60.08690530483311	0.5484068106939965	6.4683401448361835	3.251245009914611	0.030194533450777595	7.223946447924392	0.7554566316172184
62	0.28565665014944447	15.997259976545644	0.5839184587036744	0.5116407986122719	0.7081659449866132	0.20003606529587034	0.09729548436310322	0.12141579832879378	0.16399433569993146	3.128654687564711	59.989430740000735	0.5474518327381366	6.426185533171276	3.229290269036787	0.03007956704090812	7.227293685597124	0.7522301721651925
63	0.284758336762656	16.182991804482903	0.5820044899592203	0.5083184940795576	0.7036461397193698	0.19912337284744971	0.09690234374452732	0.1206736362812894	0.16371456470454882	3.1185471696192715	59.890500409479	0.5464861654625794	6.385043688343067	3.2079340076326934	0.0299672855674628	7.230289145100727	0.7490989462138821
64	0.2838703217222875	16.368388475327805	0.5800984578001862	0.5051029324096122	0.6992754452089929	0.19822143443575402	0.09651972996258774	0.1199472115892543	0.16343143455462159	3.1085636213512435	59.790180773106805	0.5455103156974708	6.344881650354245	3.1871537134403916	0.029857497793569752	7.232940986064588	0.746055999180787
65	0.2829922638916076	16.55345572766708	0.5782005852619002	0.5019890346533217	0.695046433885123	0.19733011693133956	0.09614688594055976	0.11923607445075676	0.16314510165897975	3.0986998477882852	59.688535724880076	0.5445247708125143	6.305667526281743	3.1669277410742667	0.029750030912864264	7.23525714298051	0.7430949909292552
66	0.28212383571171734	16.738198676583874	0.5763110769859592	0.498971976629994	0.6909520702318417	0.1964492854799788	0.09578312262595343	0.11853978732921015	0.1628557164384865	3.088951822951999	59.585626694349905	0.5435299994751764	6.267370457745447	3.147235278864961	0.029644728536381487	7.237245332867787	0.740210137191515
67	0.2812647226233523	16.92262187446517	0.5744301201682631	0.49604717583459873	0.6869856895218626	0.1955788037647993	0.09542781229869565	0.11785792467379806	0.16256342355995157	3.0793156824655763	59.48151274384428	0.5425264523787855	6.229960589217597	3.128056316918207	0.02954144890877097	7.238913062641939	0.7373961567145356
68	0.28041462251610993	17.10672936578736	0.5725578854624451	0.4932102790363161	0.6831409777378483	0.19471853425189575	0.0950803825694993	0.11719007264290984	0.16226836216035398	3.0697877165428333	59.37625066158674	0.5415145629408576	6.19340903719539	3.10937161638915	0.02944006333076685	7.240267636190977	0.7346482236587326
69	0.2795732452028977	17.29052473661253	0.5706945278419145	0.4904571505147973	0.6794119525854743	0.19386833842070003	0.0947403109817988	0.11653582883068665	0.1619706660620582	3.0603643633218547	59.269895051010444	0.540494747973687	6.157687860196367	3.0911626798958385	0.02934045475942733	7.241316161179936	0.7319619246097809
70	0.2787403119189718	17.474011159170843	0.5688401874212365	0.48778386091901244	0.6757929455689119	0.19302807697948737	0.09440712017198731	0.11589480199698368	0.16167046397915655	3.0510422025299078	59.162498416332	0.5394674083275635	6.122770029586335	3.073411723064222	0.029242516570489	7.242065555587672	0.729333219875419
71	0.2779155548434987	17.65719143217515	0.5669949902399676	0.48518667669677834	0.6722785850367504	0.1921976100672757	0.09408037351223174	0.11526661180084775	0.16136787971559347	3.0418179494480873	59.054111244668356	0.5384329295085974	6.088629401200025	3.056101647129754	0.02914615145869416	7.242522553995669	0.7267584085029309
72	0.27709871664330293	17.84006801712144	0.5651590490092787	0.48266205008642005	0.668863780181006	0.19137679744233	0.0937596712052918	0.11465088853777242	0.16106303235512542	3.0326884491686545	58.94478208472401	0.5373916822712905	6.05524068776699	3.03921601259588	0.029051270465637085	7.242693713630505	0.7242340967952704
73	0.2762895500368059	18.022643071141765	0.5633324638244692	0.4802066096195853	0.665543705899576	0.19056549865850517	0.09344464676554261	0.11404727288076744	0.1607560364437703	3.0236506711164597	58.83455762232863	0.5363440231878442	6.022579432098716	3.0227390138723753	0.028957792114790017	7.242585420179621	0.7217571698309706
74	0.2754878173776912	18.2049184766356	0.5615153228439941	0.4778171511227581	0.6623137884987607	0.18976357322973308	0.0931349638594648	0.11345541562542819	0.1604470021648658	3.0147017038270048	58.72348275287797	0.5352902951945617	5.99062198103972	3.006655454883571	0.02886564164507976	7.2422038933839845	0.7193247657900068
75	0.2746932902570722	18.386895868060027	0.5597077029368801	0.4754906291855194	0.6591696921790323	0.18897088078343102	0.09283031346140305	0.11287497743911512	0.16013603550712452	3.0058387499637127	58.61160065084469	0.5342308281165153	5.9593454601615585	2.9909507256022807	0.028774750329413297	7.24155519241929	0.7169342527531339
76	0.2739057491231734	18.568576656115848	0.5579096703001512	0.4732241490695295	0.6561073062588861	0.1881872812034565	0.09253041129752695	0.11230562861420379	0.15982323842603127	2.997059121561062	58.49895283650504	0.5331659391715684	5.928727749172717	2.9756107794670577	0.02868505487027867	7.240645221076085	0.7145832077675741
77	0.2731249829180666	18.749962049617903	0.5561212810467857	0.4710149590453194	0.6531227331113402	0.18741263476294115	0.09223499554384776	0.11174704882576747	0.15950870899866504	2.9883602354861147	58.3855792399204	0.5320959334539287	5.898747458059759	2.9606221116801756	0.02859649686141966	7.239479732741191	0.712269397926562
78	0.2723507887299661	18.931053075267503	0.5543425817668425	0.46886044311771535	0.6502122767473464	0.18664680224793295	0.09194382475451177	0.11119892689336426	0.1591925415725258	2.979739609099398	58.27151826241585	0.5310211043991142	5.869383903898499	2.9459717383091926	0.028509022309651313	7.238064335197953	0.7099907632728267
79	0.2715829714608075	19.11185059554905	0.5525736100619935	0.4667581141318542	0.6473724320294085	0.1858896450720635	0.09165667599399348	0.1106609605472743	0.15887482690838967	2.971194856110463	58.15680683556927	0.5299417342303128	5.840617088353699	2.931647176196068	0.02842258120827816	7.236404495245889	0.7077454013313917
80	0.27082134350842885	19.292355324881385	0.5508143950546659	0.46470560724074955	0.6445998744827531	0.1851410253826995	0.09137334315877385	0.11013285619913432	0.1585556523174476	2.9627236826193144	58.0414804778179	0.5288580943869727	5.812427675845376	2.9176364236411647	0.0283371271584286	7.2345055431474	0.7055315531576168
81	0.2700657244622523	19.472567844268205	0.5490649578735831	0.46270067370571943	0.641891450654412	0.18440080615927615	0.09109363546078963	0.10961432871692721	0.15823510179310757	2.954323883329146	57.92557334884292	0.5277704459367744	5.784796972351615	2.903927941814967	0.02825261703038379	7.232372676912942	0.7033475906871841
82	0.26931594081187965	19.652488614573688	0.5473253121166877	0.46074117501369405	0.6392441689926015	0.18366885130418736	0.09081737605849191	0.10910510120429248	0.15791325613767246	2.9459933379226477	57.80911830182123	0.5266790399716466	5.757706904830651	2.8905106368710483	0.028169010661052384	7.230010966431083	0.7011920052776595
83	0.26857182566869764	19.832117988480913	0.5455954642912731	0.4588250773114498	0.636655191244798	0.18294502572628316	0.09054440082879893	0.10860490478445363	0.15759019308382177	2.9377300076028936	57.69214693351596	0.5255841179875949	5.731140001283057	2.877373842772669	0.028086270585610813	7.227425357440995	0.6990633973909456
84	0.26783321849945646	20.011456221371578	0.5438754142331672	0.45695044612667446	0.6341218243219974	0.18222919541779914	0.0902745572533001	0.10811347838893316	0.15726598741124806	2.929531931785103	57.57468963235434	0.5244859122494272	5.705079371435449	2.8645073047897402	0.0280043617960736	7.224620675357294	0.6969604672086251
85	0.26709996487023635	20.19050348118877	0.5421651555074083	0.45511544134484466	0.6316415125814473	0.18152122752511918	0.09000770341242363	0.10763056854973659	0.1569407110591477	2.9213972249196622	57.45677562478092	0.5233846461425592	5.679508687928011	2.8519011635674154	0.02792325152553029	7.221601628970429	0.6948820061265549
86	0.2663719162008126	20.36925985740018	0.5404646757905022	0.4533183124365249	0.6292118305158473	0.18082099041366387	0.08974370707422823	0.10715592919559631	0.15661443323449858	2.9133240734460584	57.338433019860794	0.522280534511684	5.65441216804013	2.8395459397796996	0.02784290905430672	7.21837281401964	0.6928268890260526
87	0.265648929532355	20.54772536901848	0.538773957229784	0.4515573939882666	0.62683047592817	0.18012835372633357	0.08948244488157057	0.10668932145508192	0.15628722051479554	2.9053107329139385	57.21968885158669	0.5211737839821421	5.629774556193356	2.8274325195586996	0.027763305538495053	7.2149387165939745	0.6907940673580937
88	0.2649308673018628	20.725899971985502	0.5370929767902505	0.4498311014049517	0.6244952633873251	0.17944318843745385	0.0892238016058116	0.1062305134614775	0.15595913694811614	2.8973555251891536	57.100569120074525	0.5200645932729717	5.605581106761683	2.8155521402944963	0.02768441385369498	7.211303716455608	0.688782562775341
89	0.26421759712678117	20.903783565851146	0.5354217065835938	0.44813792684693404	0.622204118059581	0.17876536690151412	0.08896766947354455	0.10577928016264278	0.15563024414896284	2.8894568357874135	56.98109883100858	0.5189531534967723	5.5818175674654675	2.803896377027806	0.027606208455048444	7.207472090233562	0.6867914613708819
90	0.2635089915994049	21.081375999802667	0.5337601141800926	0.4464764353918997	0.6199550698988496	0.17809476289690876	0.088713947560261	0.10533540313574052	0.15530060139003615	2.8816131113304024	56.861302033400726	0.5178396484468676	5.558470163331569	2.7924571294149736	0.027528665252043387	7.203448014492735	0.6848199084750609
91	0.26280492808915473	21.258677078168976	0.5321081629064824	0.4448452613800369	0.6177462481301336	0.17743125166543874	0.08846254123785888	0.10489867040565773	0.15497026569074412	2.8738228571005227	56.74120185599689	0.5167242548742733	5.535525581099748	2.7812266091528537	0.027451761495079222	7.199235568703937	0.6828671039024541
92	0.2621052885533069	21.43568656540531	0.5304658121289029	0.4432431049523789	0.6155758760403216	0.17677470994746428	0.08821336167516382	0.10446887626771478	0.15463929190218145	2.8660846347012927	56.62082054222135	0.515607142753643	5.512970954125253	2.7701973279024266	0.027375475673475726	7.194838738106194	0.6809322976438581
93	0.2614099593554846	21.61240419062951	0.5288330175221518	0.4416687287648272	0.6134422660475012	0.176125016013136	0.08796632538392676	0.10404582111447355	0.15430773278885043	2.8583970598146946	56.500179483772	0.5144884755390332	5.4907938477465095	2.759362085673956	0.027299787423177412	7.190261416469412	0.6790147859415874
94	0.26071883109248367	21.78882965174481	0.5272097313246622	0.4401209548828843	0.6113438150537832	0.17548204968995856	0.08772135380650911	0.10362931126768991	0.15397563910682593	2.850758800062374	56.37929925274606	0.5133684104085517	5.468982245189405	2.748713959716888	0.027224677443228595	7.185507408746118	0.6771139077180054
95	0.26003179842452423	21.96496261923199	0.5255959025860106	0.43859866177486295	0.6092789999608866	0.1748456923869925	0.08747837293693643	0.10321915881006805	0.15364305968062356	2.8431685729100793	56.25819963322266	0.5122470985049762	5.447524533581037	2.738246293593867	0.02715012741934595	7.180580433690933	0.6752290412844534
96	0.2593487599202954	22.14080273948576	0.5239914773912008	0.4371007815897885	0.6072463736189698	0.17421582711515407	0.08723731298722516	0.10281518142957988	0.15331004147349947	2.835625143755585	56.13689965014101	0.5111246851557918	5.426409491085041	2.727952687190017	0.027076119956642847	7.175484126264033	0.6733596014406459
97	0.2586696178984311	22.31634963799909	0.5223963990877547	0.4356262974074951	0.6052445607487983	0.17359233850524336	0.08699810806904452	0.10241720225679102	0.15297662965961834	2.828127323973045	56.01541759893666	0.5100013100991381	5.40562627357688	2.717826986457232	0.027002638515740023	7.170222040110074	0.6715050366992062
98	0.25799427828255117	22.49160292215978	0.520810608491506	0.43417424074773325	0.6032722542567627	0.17297511282246836	0.08676069591356142	0.10202504971389413	0.15264286769017893	2.820673969125565	55.893771072690264	0.5088771076908114	5.3851644023585505	2.7078632740202453	0.026929667356465094	7.164797649838379	0.6696648268415315
99	0.2573226504614104	22.666562183806857	0.5192340440831266	0.4327436891934071	0.6013282117289758	0.17236403797829822	0.08652501761492336	0.10163855736656922	0.15230879735736755	2.813263977241576	55.77197698837779	0.5077522071044694	5.365013752191078	2.6980558600938735	0.026857191486331644	7.15921435323779	0.6678384806764133
100	0.25665464715177694	22.84122700160467	0.5176666421989856	0.4313337640839671	0.5994112520385506	0.17175900354004123	0.08629101739158347	0.10125756377631653	0.15197445885724056	2.8058962871248143	55.65005161267469	0.5066267325285352	5.345164539446824	2.6883992735550173	0.026785196612645647	7.153475473463599	0.6660255339509925
