	s1	s10	s11	s12	s13	s14	s15	s16	s17	s2	s3	s4	s5	s6	s7	s8	s9
0	100.0	0.0	0.0	0.0	0.0	0.0	0.0	0.0	0.0	0.0	0.0	0.0	0.0	0.0	0.0	0.0	0.0
1	1.7135864169348711	0.4210590985587882	0.5690240382155081	3.7542593087622014	2.1000436956490662	0.20742125802768835	0.4521974755676948	0.20491703073475726	0.15670449906587208	39.040037756646576	23.2001968738372	1.6619303387054671	11.21349838506917	5.00236811028121	0.1007323906187877	5.419232119471309	4.782791203853842
2	1.0903698425502495	0.9265147737450674	0.6027541120136155	3.6178572485772116	2.1415889791653955	0.22031542205194257	0.46364742502658196	0.2147156975699718	0.16781158457980946	22.641579418787856	39.58619082529048	1.0639946867995385	11.281770299045455	5.342354902293451	0.10356321288197319	5.787551144151237	4.7474204254701595
3	0.7795636793663087	1.4259003787402142	0.6221403860579329	3.404042738481574	2.129439229815232	0.22801224054309255	0.46347174482133996	0.21926048394388828	0.1750795474246032	13.54009349173893	48.97742045155126	0.6833795846071206	11.070235987940224	5.558769116777719	0.10379954177248936	6.021999876509193	4.597391519908871
4	0.6001696221782566	1.9105534773189816	0.6333278120547577	3.161677910040573	2.088686940478562	0.23273416750408565	0.4570041863734948	0.22083384523376734	0.18014828226654453	8.46711306995914	54.47927750753714	0.47191220060882294	10.716848190258617	5.704372820111556	0.10262160107935958	6.1797372217875175	4.392981145208812
5	0.49451262957410924	2.3764250787855494	0.6397613929528386	2.916450352029938	2.0333085932722623	0.23572700188330933	0.4472221251442029	0.2207153231321647	0.18393651682134757	5.625093390282944	57.8054863240631	0.35416019495557477	10.297855711321182	5.808731284064354	0.10068880717087722	6.292792224403048	4.16713305014319
6	0.42977056553502624	2.8220109920713083	0.6433751304870208	2.6812449917989167	1.9710587748783568	0.23769001247432073	0.4357837447604447	0.21962301830434902	0.18695951946488887	4.018052831400418	59.90778165488886	0.28816409537947746	9.855008421572325	5.888431179362033	0.09836898989358339	6.3791337776422	3.9375423000864616
7	0.38907829232880164	3.2471797917628096	0.6452441830533202	2.461852285445025	1.9061615703683172	0.23901182198199297	0.4235982215353612	0.21795593367435123	0.1895032273885279	3.0965653352904705	61.31181956133018	0.2509070686442998	9.410528692722249	5.952682069313616	0.09586438346516922	6.448738908423082	3.7133086532724136
8	0.3618799395881805	3.65249867328348	0.6459869994184911	2.260425663778913	1.8409627700998912	0.23991590111592662	0.4111760029904623	0.21594323030570015	0.1917317455203128	2.556776912262027	62.31040940386025	0.22960703844339272	8.976283260577722	6.006773488249469	0.09328905222819066	6.50733794560359	3.499001972674004
9	0.342272949884602	4.038878877299474	0.6459607924447764	2.077173641142991	1.7767381970256584	0.2405312587661612	0.39880003368116745	0.2137169171840515	0.1937395032410533	2.230456304415673	63.06694138152236	0.21716278103451742	8.55827843069671	6.053753038604266	0.09070672177629997	6.558232458487953	3.2966567127922835
10	0.3272342298780379	4.40738114114492	0.6453746464090447	1.911318387901645	1.714160182048663	0.24093335208668373	0.38662462069731873	0.21135388549127201	0.19558145347130784	2.0244512100755636	63.67284668801605	0.20967565179319936	8.15924923905206	6.0953978599940015	0.08815262771293453	6.603347681660167	3.1069171425671223
11	0.31503584501030824	4.759107601294924	0.6443574865928335	1.7616540504205804	1.653576904453307	0.2411686752193264	0.37473468307953167	0.20890114938299287	0.1972912341819069	1.8867078024414157	64.18026345249002	0.204966888189983	7.780205540758554	6.132798748554	0.08564661375517905	6.643865310933499	2.9297180132416214
12	0.3046463249521058	5.095227317632786	0.6429956973803339	1.6267110487715244	1.5951545526477897	0.24126835852527623	0.3631766402880775	0.20638974967886198	0.19889116306909677	1.7874396125341347	64.62012216347574	0.20179114146404914	7.421159188796704	6.1666822533822625	0.08320003207588966	6.6805724411641165	2.7645723141612453
13	0.2955733459865208	5.41662871297323	0.6413369554099198	1.505325078209944	1.5389449838003262	0.24124957701098568	0.3519698054247393	0.20383651124019214	0.20039344260277986	1.7130070994206477	65.00729439774601	0.19957947065208276	7.081732691210519	6.197447227727896	0.08081796992323848	6.713901163371887	2.610961567289079
14	0.28743018569386225	5.724384530816818	0.6394267854957126	1.3960799832803426	1.4849587284421648	0.24112873211422436	0.341126363572257	0.2012571622375848	0.2018096296178013	1.6528625850643848	65.35403829328882	0.1978948804466596	6.761201782364672	6.225472897067532	0.07850410699702448	6.744262305156493	2.468161048343639
15	0.2800117560922003	6.019433299096865	0.6372967293005748	1.2977489009190195	1.433167102345824	0.24091719624400956	0.3306489016906088	0.19866225384478312	0.20314766022417677	1.6018427124085959	65.66716850673212	0.19652574429515368	6.458739469210878	6.251020945390654	0.07625988199515123	6.771939357506542	2.3354695827028245
16	0.273188715802547	6.302650914220231	0.6349721532144839	1.2092135466090772	1.383522387713636	0.24062412926091017	0.3205353995180663	0.19605999610566457	0.20441388603954808	1.5570853272537126	65.95115987119291	0.195356380239573	6.173469323206059	6.274301574800841	0.07408566501248924	6.7971600393675775	2.212200690442652
17	0.26687734936793744	6.574853957495998	0.6324745358134202	1.129462750133605	1.3359668626319352	0.2402573035993563	0.3107811910259209	0.19345711485551403	0.20561367821960522	1.5169044211640748	66.209230480708	0.1943206490248654	5.904510085102634	6.295492989913279	0.0719811948662431	6.820117405739384	2.0976980303382047
18	0.2610148365655858	6.8368028736403215	0.6298226071138584	1.0575863975855357	1.2904373230000838	0.23982351454941894	0.3013799545106586	0.19085928209112443	0.20675172681585433	1.4802982725433753	66.44382747123223	0.19338033220560552	5.6509967619991635	6.3147510626122765	0.06994580027866468	6.840980317829964	1.9913414654262613
19	0.25555768061788764	7.089205060359332	0.6270330229329572	0.9927678803301625	1.246867748947528	0.239328822461967	0.29232430402025283	0.18827137346871717	0.20783221620235576	1.446624184903601	66.65694061583505	0.19251261328735858	5.412092029134219	6.332215008850176	0.06797853250314455	6.859899592921022	1.8925493132242333
20	0.25046526201384745	7.332718177804644	0.62412082826095	0.934276165155756	1.2051910591933268	0.23877871899206657	0.2836061872376251	0.18569764585537193	0.2088589451579081	1.4154575690003384	66.8502534888698	0.19170276172731032	5.1869927548862185	6.34801127750396	0.0660782552337899	6.877012217295954	1.800778685811106
21	0.24571063004293098	7.567953426541426	0.6210996475704661	0.8814569735317375	1.1653397728473753	0.23817819443679988	0.2752170495900175	0.1831418139055219	0.20983537358993956	1.3864912078857832	67.0252381770565	0.19094169556918747	4.974930741032622	6.3622550832949205	0.0642436826725492	6.892443006902829	1.7155235235293644
22	0.24126160499694635	7.795478688366371	0.6179819717035628	0.8337256930381013	1.127247012933003	0.2375318404343247	0.26714807126081974	0.18060716068817453	0.21076469627472894	1.3595002911128584	67.18320806760285	0.19022232482154905	4.775175461889975	6.375052799193502	0.06247343382615866	6.906307199126292	1.6363136827307407
23	0.23710070211227027	8.015821545427924	0.6147791728429743	0.7905592548198247	1.090846446392864	0.23684385402186095	0.25939017595959596	0.17809654840287742	0.2116498431082859	1.3342970719550677	67.32535347597333	0.18954041171208325	4.587031198848333	6.386501992137061	0.060766036106017926	6.918710491481815	1.5627117786977758
24	0.23319866886952223	8.229472080511929	0.6115017650954642	0.751490676606484	1.0560731574142554	0.23611813110706373	0.25193423874715837	0.17561251793959043	0.21249354660452374	1.3107357380290248	67.45276125742274	0.1888913835734776	4.409839390824192	6.396693608852232	0.0591199731159275	6.929751409589917	1.4943124556964735
25	0.22954568499778383	8.436885556652912	0.6081593062167926	0.7161017635647937	1.0228631329818512	0.23535822963562605	0.24477099598953522	0.17315725712286106	0.2132983120594077	1.2886772795622976	67.56643212936652	0.18827310290937235	4.242973618083948	6.405711042960268	0.057533666246024955	6.93952029654029	1.4307386251096874
26	0.22611227305769732	8.638484852649723	0.6047607027362074	0.6840194658205148	0.9911542958232419	0.23456747947359283	0.23789128569128698	0.17073271549990068	0.21406649777492348	1.2680154860912833	67.66728817621663	0.1876817356821529	4.085843119968987	6.413632723895731	0.05600552960146187	6.9481021175537085	1.3716415424629285
27	0.22289661556951426	8.834662817051322	0.6013139940015475	0.6549090523233331	0.9608855301308588	0.23374890299748552	0.2312858573164066	0.168340528834792	0.2148002537159502	1.248634745326803	67.75618482908546	0.1871164758007101	3.93788557537638	6.420530171533502	0.054533929265456194	6.9555743524946285	1.3166963691758236
28	0.21986616151162366	9.025784357612222	0.5978267561263205	0.6284723852792057	0.9319980909645769	0.23290536106168988	0.22494569099136852	0.16598216915136446	0.2155016290817346	1.2304553639919957	67.83391268773448	0.18657344741121978	3.7985729345923707	6.426471457471708	0.053117255646557344	6.962010745594352	1.2656035057771682
29	0.21702878129322212	9.212188510497016	0.5943057310198416	0.6044410249307846	0.9044340322974936	0.23203941740098327	0.21886167769840947	0.16365881206155508	0.21617246918197128	1.2133738022387217	67.90120880350412	0.1860531038571126	3.667401219241177	6.43151791908338	0.05175385384855606	6.967477745673664	1.2180830961719418
30	0.21434540427731757	9.394190210045588	0.5907573926890078	0.5825766432624582	0.8781382416653072	0.23115354374022018	0.21302507065317836	0.16137154536996992	0.2168145675555939	1.1973329888929352	67.95875431252287	0.18555097937345041	3.5438999861001483	6.435729044507756	0.050442125268965736	6.972039798216738	1.1738781458584358
31	0.21182276111246068	9.572105752075007	0.5871878996376211	0.562646860263546	0.853051883373576	0.23025011228916145	0.207426324254623	0.15912124918713424	0.2174296560637874	1.1822389045653228	68.00723764387052	0.18506749424015692	3.4275829734476746	6.439162320121989	0.04918029701753359	6.975759180132156	1.1327286883476637
32	0.2094641409857175	9.746181033233185	0.5836019883358559	0.54447853851141	0.8291271111137151	0.22933096212151796	0.20205755066335818	0.15690850964012612	0.21801908942248951	1.1680205425204442	68.04719486775426	0.18460295991178055	3.318065348578962	6.441862669884341	0.04796688827623146	6.978684559041373	1.0944332400051628
33	0.20720958145868767	9.91666793112898	0.5800048430505499	0.5279023138734946	0.8063147439056356	0.22839810871419025	0.1969106190938117	0.1547339858236871	0.21858436371040416	1.1546578311696092	68.0791710169341	0.18415043814273696	3.2149555723061494	6.443879553814791	0.04680037149550433	6.980869516632693	1.0587892087449047
34	0.2050920247165087	10.083800886944639	0.5764007020674872	0.5127620901063799	0.784565234785094	0.22745322669002935	0.1919771348693753	0.15259800878197302	0.21912673183761727	1.1420591791683763	68.10368186801745	0.18371363365974636	3.117872816957512	6.445254505223429	0.045679141490756095	6.982359047325384	1.0256037673581766
35	0.20312668188214	10.247798584644729	0.5727935623466377	0.4989176997614483	0.7638311225798602	0.22649790543865608	0.1872489822463329	0.1505008383151087	0.2196473936408757	1.1301523915417764	68.12120857190985	0.1832940574694463	3.0264588490780193	6.446027231159909	0.04460163774016359	6.983196167089904	0.9946983231550813
36	0.20123317546889455	10.408864968524707	0.5691876689116055	0.48624673040246524	0.7440687960345433	0.2255338265925284	0.18271871256077984	0.14844284225072735	0.22014762793423004	1.1189481447862841	68.13219366069416	0.18288262121993729	2.9403866734126467	6.4462398487588235	0.04356643154543396	6.983426502822061	0.9659117680801004
37	0.19946087664034598	10.567188920222902	0.5655861563441066	0.4746347636906817	0.725233453821737	0.22456227017939442	0.17837845864178534	0.14642400387154866	0.22062842301587132	1.1083545323383521	68.13705851878856	0.18248485555462526	2.859333491954572	6.445925050217162	0.04257198410273341	6.983085471068595	0.9390887695469418
38	0.1977763665335332	10.722945964904516	0.5619923641718321	0.46398242019765373	0.7072838801233391	0.22358459217081117	0.17422097667118258	0.144444401253713	0.2210908328425784	1.09835168719195	68.1361898769275	0.1820968932564411	2.7830050769223913	6.44511752166075	0.04161687980266733	6.982210648465815	0.9140896169032436
39	0.19618575825107987	10.87629934940727	0.5584091258208441	0.454198787698987	0.6901795898845337	0.2226019657352236	0.17023904477668253	0.14250394875233002	0.2215357825579077	1.088890522012448	68.12995195175266	0.18171942205457642	2.7111195084597233	6.443847724024152	0.04069969355636583	6.9808350343595	0.8907827908956324
40	0.19467733843774768	11.027400868135251	0.5548391325905075	0.4452028631305939	0.6738821138634892	0.2216155132231686	0.16642574719864778	0.1406025301489439	0.2219641666453975	1.0799398597421175	68.11868352305294	0.18135106386526112	2.643413408496414	6.442145042497994	0.03981905476425644	6.978990462706162	0.8690473115010398
41	0.19324835790335568	11.176391710959363	0.5512847912654323	0.4369214150395508	0.6583543391427904	0.22062625414594686	0.16277434169901575	0.13873994716724763	0.22237680935094345	1.0714640149024972	68.10270186402497	0.1809914983915211	2.5796376918380184	6.440036525714158	0.03897361868044	6.97670623619034	0.84877058358434
42	0.19189267937067997	11.323392661830308	0.5477481425571014	0.4292938866184826	0.6435636611595354	0.21963506318473644	0.1592788556032146	0.13691597693489316	0.22277442682771947	1.06343563139238	68.08227937278228	0.1806400064139393	2.519577244423375	6.437545634881054	0.0381621883137897	6.974007771121144	0.829856796585288
43	0.19060638495447169	11.468537805122923	0.5442313906553448	0.4222547922036886	0.6294728614806036	0.21864289872750664	0.15593241583036466	0.13513030120298575	0.22315781439769622	1.0558219610406263	68.05772003345695	0.18029614053614215	2.462990419995388	6.434698390450614	0.037383379669894946	6.970923256321501	0.8121997539532343
44	0.189384011963297	11.61194137617985	0.5407363754290868	0.4157504020540388	0.6160492199475079	0.21765057457413464	0.1527289225334993	0.13338257984319726	0.22352765894682677	1.0485968828596677	68.02928420304639	0.17995926669673792	2.4096689099199993	6.431517218427413	0.03663595778283354	6.9674769866297	0.7957094531657498
45	0.18822139090208592	11.753708347589155	0.5372647292376641	0.4097331775752669	0.6032615942745978	0.2166588288247315	0.14966251104328868	0.1316724227976527	0.22388459622209658	1.0417356899487968	67.99721277918789	0.17962890992382965	2.3594185582903817	6.42802282958816	0.03591872840927548	6.96369139872051	0.7803035074645408
46	0.18711586539413388	11.893937142218043	0.5338179346420299	0.40415964243988334	0.5910800333449787	0.2156683446248323	0.14672749914484742	0.1299994062528781	0.22422922459040245	1.0352141628863265	67.96173287488486	0.17930477872692271	2.312055445866066	6.424234682333203	0.03523052955159279	6.959587572527639	0.7659048605712783
47	0.18606301380481502	12.03271935740477	0.5303973384841763	0.398990625176243	0.5794759327096517	0.21467975514345608	0.14391841750454826	0.12836307959292642	0.2245621088617887	1.0290113653718644	67.92305692943425	0.1789863674887463	2.2674068253877984	6.420171102640222	0.03457023784226065	6.9551853611935766	0.752442181958816
48	0.18505894162355616	12.170140515837526	0.5270041543616931	0.39419058765162446	0.568421877877306	0.21369364438175703	0.14122998459351133	0.12676296513557647	0.22488378038722373	1.0231075337582047	67.88138444838843	0.17867323608413554	2.225309758305259	6.4158492933570175	0.03393676388077792	6.950503401136771	0.739849113239537
49	0.18410232034444426	12.306279740964593	0.5236394436556171	0.3897276031363964	0.5578917088064707	0.21271054004576134	0.13865711712469403	0.1251985539363128	0.22519473180265123	1.0174824642175344	67.83690142353238	0.17836525619581303	2.1856115398341185	6.411285162895582	0.03332905408449141	6.945558926470215	0.7280644129528313
50	0.18318932242111832	12.441210978873032	0.5203041726278371	0.38557274257962226	0.5478604344831774	0.2117309342723459	0.1361949255758292	0.1236693236466433	0.22549543177629944	1.0121193982123657	67.78978247700051	0.17806199326404915	2.1481684641493985	6.40649380769007	0.0327460912254213	6.940368291664245	0.7170312105379401
51	0.18231470515729703	12.57500321927809	0.516999210883807	0.38169979427093836	0.5383042064014253	0.2107552829047801	0.13383871129751423	0.12217473868683823	0.22578632424005107	1.007004057187821	67.74019136624028	0.1777628417315928	2.112845458144634	6.401489489273069	0.03218689403860201	6.934946946712494	0.7066967535506811
52	0.18148060851690945	12.707720682620481	0.5137252822411694	0.3780847566546821	0.5292000890982843	0.20978398759385827	0.131583919582333	0.12071423216746228	0.22606781484954028	1.002117276888562	67.68828208504249	0.17746809796106894	2.0795147098543336	6.396285202259445	0.031650507033156805	6.929308969114401	0.6970117785217421
53	0.18068530166776142	12.839423230870239	0.5104830419789159	0.37470601095530603	0.5205262705872213	0.2088174237617944	0.12942618973681727	0.11928723378753993	0.2263402915972187	0.9974442640848553	67.63419876997823	0.1771775787500118	2.0480564934367735	6.3908933378035355	0.031136012138870614	6.923467782620498	0.6879307662443293
54	0.1799181638062151	12.970166665428618	0.5072731137669455	0.37154431964359036	0.5122621395192891	0.20785595394744877	0.12736137523946975	0.11789318305918578	0.2266041345710752	0.9929786842723671	67.57807589449054	0.1768900180663568	2.0183593651264533	6.38532599856891	0.030642533568236503	6.917436498449653	0.6794119584755627
55	0.17918405467646198	13.10000302664998	0.5040959487150921	0.3685815671268767	0.5043876796516255	0.20689987651577044	0.12538541748959772	0.11653147764742543	0.22685967733760357	0.9887023084122444	67.52004087961684	0.17660604683598505	1.990316686577353	6.379593764627258	0.030169210138473193	6.911226578346196	0.6714157996351218
56	0.17848161554866063	13.228980837762297	0.5009519623014436	0.3658015393673222	0.49688393526877195	0.20594947536149352	0.12349444868320744	0.11520152297987254	0.22710724395241222	0.9846030185797542	67.46021280652784	0.1763255194004685	1.9638289589067515	6.37370688070297	0.02971521847116186	6.904849120761551	0.663905895423946
57	0.177805432437087	13.357145182687248	0.4978415230842472	0.36318973913126623	0.4897329705186076	0.20500501566222853	0.12168478441299584	0.11390272895998355	0.22734714564468894	0.9806729591065821	67.39870272368562	0.17604781270088335	1.938803490636196	6.367675150609244	0.0292797714547074	6.898314746493348	0.6568488227749899
58	0.177156089866161	13.48453853238355	0.49476490952706575	0.3607325399844286	0.4829174411687964	0.20406672842558876	0.11995284080252973	0.11263449020613386	0.2275796688663857	0.9768999871421864	67.3356162731227	0.1757730185007455	1.915151703203774	6.361507561761269	0.028862100915638803	6.891633191908042	0.6502129222149249
59	0.17653128465507592	13.611200252203579	0.49172235371565065	0.35841776389572494	0.4764209504129577	0.20313482601153346	0.11829520618756983	0.11139620593134372	0.22780508699907534	0.9732751689056965	67.27105182993752	0.17550088895603205	1.8927911823788548	6.355212655723018	0.02846147292514554	6.884813710366603	0.6439691607945351
60	0.17593027514537454	13.737167124087252	0.48871402574719347	0.3562342262387947	0.4702278259787218	0.2022094965755652	0.11670859912145093	0.11018727191731671	0.2280236559280731	0.9697889676208641	67.20510199730474	0.17523134989162692	1.871644220616856	6.348798391051095	0.028077179162957433	6.877864923638687	0.6380904699733411
61	0.17534994446561292	13.862473483963802	0.48574006051127716	0.35417182247307816	0.46432318912498727	0.20129091374875893	0.11518988500814893	0.1090070902005528	0.2282356211621926	0.9664344485532561	67.13785356864584	0.1749640612124161	1.8516380884197694	6.342272372501644	0.027708540814952807	6.870795070210114	0.6325518389835063
62	0.17479187497665627	13.987151400561261	0.48280051921546346	0.35222112423793284	0.45869275941173077	0.20037922262857535	0.1137360364530663	0.1078550546884151	0.22844120721161415	0.9632014025673235	67.06938847141586	0.17469921613136769	1.8327038692362594	6.3356415124688485	0.027354900010884742	6.863611638507919	0.6273297902767349
63	0.17424246261153298	14.111233146262602	0.4798955116321748	0.35037351723169075	0.45332220618589714	0.19947459412702237	0.11234399588197763	0.10673054599932201	0.2286406678469395	0.9600921253869759	66.99978846384172	0.17443520339361898	1.8147736268875831	6.328913615605877	0.027015590328191535	6.856323083573034	0.6224016432037508
64	0.17373344758266338	14.234744095529818	0.47702483106609467	0.3486205287611437	0.4481990508180142	0.19857706216598994	0.11101108352559481	0.10563294903497276	0.22883413503417005	0.9570731193350536	66.92912172340947	0.17417591463443016	1.7977883501690821	6.322092618619826	0.026690024871189898	6.848933670171478	0.6177473952709367
65	0.17322273532535118	14.357710379133877	0.47418868642664225	0.34695682893728974	0.4433119600161929	0.1976868201460974	0.10973485174261144	0.10456176541566134	0.22902186984262574	0.9541720876988796	66.85745268353016	0.17391620865898644	1.781696257655827	6.315186552687696	0.0263776672703058	6.8414520987450045	0.6133505467667203
66	0.17273684191706334	14.480156490751494	0.47138683971585954	0.3453746527186741	0.4386485966815332	0.19680389722923688	0.10851262418532963	0.10351635113091714	0.22920401029978935	0.9513600585144639	66.78484750326379	0.17365937286708802	1.7664403701636393	6.30819949459782	0.026077928314617495	6.833882785814304	0.6091921818343089
67	0.17226201647772918	14.602105288047042	0.4686192659285738	0.34386855986458653	0.43419812316500894	0.19592839816415522	0.1073420330288758	0.1024961566643568	0.22938075087902945	0.948642037134307	66.71136512796579	0.17340372555346845	1.7519720169310167	6.301137314565435	0.025790285439082523	6.826232090779221	0.6052568094122484
68	0.1718033340411517	14.723578162941957	0.46588579863109825	0.34243277199190003	0.4299498024783963	0.19506037447249364	0.10622072090467481	0.10150059745566968	0.22955224596582982	0.9460077346964347	66.63706251525433	0.1731499189194157	1.7382431982147302	6.294004586485425	0.025514216686438385	6.818504968692543	0.601529052167438
69	0.17135719434393176	14.844595114328108	0.4631862984754928	0.3410623449157142	0.4258936132934997	0.19419988569157365	0.10514647378135074	0.10052911494004446	0.22971865563874896	0.9434544740295954	66.56199253047005	0.17289752306008538	1.7252098681414927	6.286806054687599	0.025249230371613317	6.810706559244897	0.5979950645861345
70	0.1709241070006469	14.965174855475176	0.4605205780588691	0.33975256232946804	0.42201992900912927	0.19334697206645587	0.10411715341519578	0.09958114879212933	0.22988012515242603	0.9409764981521822	66.48620523530451	0.17264662161465238	1.712830150548449	6.2795459779344185	0.024994850220546965	6.802841476095619	0.5946417588300588
71	0.17050274288930362	15.085334895326776	0.45788843992024125	0.33849916293750815	0.41831963367176916	0.19250166836257784	0.1031307232195714	0.09865615040353408	0.23003679521582607	0.9385699136261038	66.40974757691798	0.17239706614147546	1.701064927508829	6.272228459350788	0.024750621247774617	6.794914164296686	0.5914570589631856
72	0.1700926939731394	15.205091622708572	0.45528966171376556	0.3372981852897324	0.41478403610092235	0.19166399848241508	0.1021852308571431	0.09775357711197609	0.2301887979023525	0.9362303644131413	66.33266380286484	0.1721488235177037	1.689877338774853	6.264857316268692	0.02451610601320692	6.786928759291082	0.5884296847163841
73	0.16969318699965924	15.324460380614966	0.45272400574270844	0.33614599509155957	0.41140487914483587	0.19083397893760173	0.10127881111697469	0.09687289531146133	0.23033625919543674	0.9339540871442162	66.25499552121364	0.1719018134632077	1.67923280100437	6.2574361624744315	0.024290885375707987	6.778889176013966	0.5855491611551658
74	0.1693036768697218	15.443455537161453	0.4501912169919414	0.33503923199430086	0.40817430601384636	0.19001161814271564	0.10040967953169719	0.09601357937438984	0.23047929841003256	0.9317373967642781	66.17678190955976	0.17165598381494032	1.6690987981823908	6.249968390383761	0.024074557182092223	6.770799089582405	0.5828057300401744
75	0.16892356747517728	15.562090550714421	0.44769102633370145	0.33397479762743465	0.40508484779335885	0.18919691759078378	0.09957613046056232	0.09517511246289989	0.23061802902727271	0.9295769029525718	66.0980598398588	0.17141127505345374	1.6594447903132428	6.24245719841981	0.023866735940500795	6.762661964954792	0.5801903130211165
76	0.168552337802039	15.680378030885793	0.44522315117321326	0.33294982793094446	0.4021294023223521	0.18838987209976793	0.09877653326131408	0.09435698641144798	0.2307525588374261	0.9274693886888997	66.01886402838223	0.1711676364338957	1.6502420784803744	6.234905596203923	0.02366705206226199	6.754481062554247	0.577694456469777
77	0.16818948019727412	15.798329795100873	0.4427872971354242	0.3319616758795196	0.3993012182394547	0.18759047043872512	0.09800932950949302	0.09355870199337156	0.23088299037079832	0.9254118470587591	65.93922716095021	0.1709250181243342	1.641463700786628	6.227316418927732	0.023475151329763286	6.746259453838373	0.5753102901191733
78	0.16783456445727002	15.91595602791943	0.44038318497081874	0.3310080883606745	0.39659439898185933	0.18679869735987745	0.09727315117519979	0.09277980944118126	0.23100941323611732	0.923401674058522	65.85917752949352	0.17068337828713845	1.6330863692027706	6.21969212055914	0.023290721969119025	6.737999797272399	0.5730310732548668
79	0.16748710246511717	16.03326811217799	0.438010475637377	0.33008657525736446	0.39400227616679534	0.1860145299327286	0.09656644405640781	0.09201978573920891	0.23113192891415774	0.9214359591678718	65.77874687461082	0.1704426693909215	1.6250840103938218	6.212035454986019	0.023113408922433982	6.729705076234851	0.5708493159460313
80	0.16714667818928483	16.15027583236416	0.4356688465586094	0.3291950254869822	0.39151903210115796	0.18523794159298274	0.09588784426446956	0.09127815816354938	0.23125062613487898	0.9195121910154922	65.69796261006752	0.17020285122306011	1.6174341663988636	6.204348800863799	0.02294289964836462	6.721377867602445	0.5687586283242906
81	0.16681290279372954	16.266988266867482	0.43335796625637835	0.32833150868894134	0.38913918496858685	0.184468900581541	0.09523605867505426	0.0905544644963699	0.2313655887734503	0.9176280356714984	65.61685029636159	0.1699638862888978	1.610115961020089	6.196634376598916	0.022778896857309484	6.713020574648821	0.5667531304512571
82	0.16648540576443951	16.383413989178404	0.43107749758385205	0.32749421986303473	0.38685750165418736	0.18370737152649702	0.09460984714324774	0.08984825103394657	0.23147689718370393	0.9157812881049662	65.53543415267427	0.16972573887374198	1.6031096612563824	6.188894284650805	0.02262111474614577	6.704635475038367	0.5648273037239187
83	0.16616384320305774	16.4995610438609	0.42882709766776095	0.32668148406015357	0.38466901197608505	0.18295331529475278	0.09400802572632294	0.08915907332001298	0.2315846280021329	0.9139698724259009	65.45373698889443	0.169488376082733	1.5963967339592466	6.181130505199106	0.02246927971942199	6.696224713965694	0.5629760066421949
84	0.16584789002521125	16.61543698388841	0.42660641876706334	0.3258917458201789	0.38256899452488874	0.18220668933526352	0.09342946396688363	0.08848649607003443	0.2316888543934231	0.9121918382741271	65.37178029668864	0.16925176686467525	1.589959767259829	6.173344904389303	0.022323129835878256	6.687790313088407	0.5611944468076921
85	0.16553723846240467	16.73104890684876	0.4244151091106348	0.3251235585193115	0.3805529631527176	0.18146744800530681	0.09287308233329412	0.08783009313703155	0.2317896462761431	0.910445352274221	65.2895843376591	0.16901588185296068	1.583782394053297	6.165539241948018	0.022182414291232574	6.679334178777014	0.5594781532984657
86	0.1652316025981724	16.84640347888098	0.4222528134131873	0.32437557738027717	0.3786166574841119	0.18073554277524245	0.0923378503923154	0.08718944745198112	0.23188707046507123	0.9087286876993722	65.20716820294638	0.16878069397549766	1.5778492398896857	6.157715176000577	0.022046893045253948	6.670858107333953	0.5578229582678605
87	0.1649307097730238	16.96150696538397	0.4201191736244787	0.3236465511066656	0.3767560311004741	0.18001092252291653	0.09182278454167735	0.0865641509797256	0.23198119087754623	0.9070402232933421	65.12454988844294	0.16854617737036953	1.5721458579907481	6.1498742700120035	0.02191633636038884	6.662363792512999	0.5562249741066368
88	0.164634306906758	17.07636525665211	0.41801382946792476	0.32293531451503743	0.3749672410245207	0.17929353375033663	0.09132694596353247	0.08595380463099343	0.23207206868514557	0.9053784309275196	65.04174635938125	0.16831230823204504	1.566658672693159	6.14201799792459	0.021790524381530334	6.6538528310849685	0.5546805737784894
89	0.16434215254202705	17.19098389203573	0.4159364190295505	0.3222407823166929	0.3732466379268777	0.17858332081905898	0.09084943871169975	0.0853580181965571	0.23215976248078518	0.9037418756050433	64.95877361045164	0.1680790638024995	1.561374927525617	6.134147749774485	0.02166924674289894	6.645326728922355	0.5531863731163987
90	0.1640540225793608	17.305368082491867	0.4138865792236178	0.3215619428399019	0.37159075647936674	0.17788022614100132	0.09038940780845822	0.08477641024249846	0.2322443284139145	0.9021292044016331	64.87564672340703	0.16784642314097994	1.5562826347613903	6.126264836270098	0.021552302174222777	6.63678690595927	0.5517392136652982
91	0.16376970310313538	17.41952273161236	0.4118639462991585	0.32089785282477495	0.3699963064563084	0.17718419038432165	0.08994603748134532	0.08420860802641819	0.23232582033835975	0.900539146626606	64.79237992011326	0.16761436621257936	1.55137052961953	6.118370493759814	0.021439498135383886	6.628234701573129	0.5503361474334095
92	0.16348899559285476	17.53345245526076	0.40986815623621	0.32024763212023766	0.3684601639733247	0.17649515263936863	0.08951854941088258	0.0836542473794628	0.2324042899315419	0.8989705039594114	64.70898661342369	0.1673828745892417	1.5466280257287075	6.110465888268491	0.021330650451041645	6.619671378957529	0.5489744220771465
93	0.16321171045529367	17.647161599890246	0.40789884518024183	0.3196104593128909	0.366979363407603	0.17581305059863006	0.08910620110715721	0.0831129726082526	0.23247978682535866	0.8974221507277792	64.62547945401997	0.16715193062654765	1.5420451747317692	6.102552119893588	0.021225582971593337	6.6110981298847165	0.547651467758279
94	0.16293767175738036	17.76065425965695	0.4059556497778991	0.3189855672328039	0.3655510894467782	0.17513782070089876	0.08870828429831826	0.08258443636678775	0.23255235871137186	0.8958930251066076	64.54187037536536	0.1669215181016223	1.5376126269711037	6.09463022636563	0.02112412723465781	6.602516078562763	0.5463648843429905
95	0.16266671139530683	17.873934292389873	0.4040382075483181	0.3183722392714689	0.36417266975808593	0.17446939828841573	0.0883241234375224	0.08206829954721276	0.23262205145673245	0.8943821294819252	64.4581706350831	0.1666916214697048	1.5333215958618698	6.086701186940257	0.021026122150892394	6.593926285851943	0.5451124300672916
96	0.16239867339082306	17.987005334517033	0.4021461571661468	0.3177698055609405	0.3628415677773345	0.17380771773194226	0.0879530742224178	0.08156423114424165	0.232688909197038	0.8928885225944457	64.37439085469612	0.16646222644423686	1.5291638231885865	6.0787659255402335	0.02093141369076029	6.585329752668585	0.5438920104690378
97	0.16213340863485085	18.099870814999562	0.4002791387776335	0.3171776398628872	0.3615553760619899	0.17315271256783987	0.08759452222339077	0.08107190813741272	0.2327529744390597	0.8914113199642553	64.29054105619666	0.16623331932557883	1.5251315476859955	6.07082531420267	0.020839854593751282	6.576727423719558	0.5427016686068296
98	0.16187077878571726	18.212533968360667	0.3984367942377138	0.3165951563101616	0.3603118097554839	0.17250431560640295	0.08724788152468153	0.08059101535026333	0.23281428814275754	0.8899496868749863	64.20663069719265	0.1660048875281906	1.5212174744071414	6.062880175852959	0.020751304078881525	6.56812019050737	0.5415395754838974
99	0.16161065153090498	18.324997846853236	0.3966187673777842	0.31602180677061104	0.3591087005641769	0.1718624590512836	0.08691259346526693	0.0801212453263279	0.2328728898123542	0.8885028388392147	64.12266870324146	0.1657769189745752	1.5174147470161494	6.054931287359226	0.02066562757588808	6.559508894639159	0.5404040216023107
100	0.16135290412265663	18.437265331841925	0.3948247042027921	0.3154570780600024	0.3579439908372416	0.17122707459314643	0.08658812539271071	0.07966229818494006	0.23292881756881023	0.8870700353311465	64.03866349894673	0.1655494025741053	1.5137169207506733	6.0469793819823225	0.020582696457949117	6.550894330480847	0.5392934086719364
