	E	E_M	E_P2	E_P_1	E_P_2	M	P	P2	T
0	0.00015	0.0	0.0	0.0	0.0	0.0	1.0	0.0	0.0
1	7.991251922155048e-05	2.4925852493283344e-06	1.8898406973339273e-08	6.031815036011534e-05	7.257846762031909e-06	0.04327362404170926	0.9520955557425904	0.002148624017742045	0.0024121087171797132
2	8.048695455001641e-05	4.695793808147082e-06	3.752667340165508e-08	5.7815972090060514e-05	6.963752878373615e-06	0.08026760654214009	0.9062313307555395	0.004203662847161841	0.00922788680970842
3	8.121276248222965e-05	6.539500110106048e-06	5.5224435273657904e-08	5.551312294063951e-05	6.679390031751187e-06	0.1116736792946706	0.8622286347724266	0.006167901668569106	0.01986099702681578
4	8.202310644444076e-05	8.166182662591019e-06	7.277092944110824e-08	5.332207184454036e-05	6.415868118987329e-06	0.13808940603859846	0.8199809331641688	0.008046279459437955	0.03381540444423924
5	8.293153824466311e-05	9.575428865664268e-06	9.00923386326516e-08	5.123745083836441e-05	6.165489712677723e-06	0.1600676005635566	0.7793886432248359	0.009843430772938627	0.05063325697691354
6	8.393530469176139e-05	1.0655417197436322e-05	1.0669799279051177e-07	4.936983647701104e-05	5.932743641003064e-06	0.17807744185612065	0.7403723484283535	0.011563020614721769	0.06992112440549576
7	8.500785326605312e-05	1.1804789075106597e-05	1.2385227135438516e-07	4.736457898063665e-05	5.698926406851694e-06	0.19254658707578795	0.7028600944954878	0.013208391726470722	0.09131993455551955
8	8.616554540173742e-05	1.2668504106743509e-05	1.40500245521059e-07	4.5545382010922534e-05	5.480068235077749e-06	0.2038576670948708	0.6667888160569033	0.014782439758926224	0.11450724263470165
9	8.739563258373466e-05	1.3384485372482389e-05	1.570125319358487e-07	4.3793558418987475e-05	5.269311092861918e-06	0.2123545461244265	0.6321038531226911	0.016287686415084504	0.1391913099703818
10	8.87003273752536e-05	1.3876551625362077e-05	1.7327365123709913e-07	4.2180759420421546e-05	5.069087927728598e-06	0.2183491783025868	0.5987565131235026	0.017726368524545406	0.16510664037674053
11	9.005652499093295e-05	1.4425036915815768e-05	1.8972677655219067e-07	4.046048882982732e-05	4.868222486874749e-06	0.22212701915861194	0.5667032380634578	0.01910049859382836	0.192009300709093
12	9.148342730185177e-05	1.483823009546426e-05	2.0603473120383372e-07	3.879869839054582e-05	4.673609480936998e-06	0.22394286183401912	0.5359062857654117	0.02041180168200972	0.21968053414586156
13	9.295939838928013e-05	1.5020180652378246e-05	2.2214347130701873e-07	3.730910910061279e-05	4.4891683864240844e-06	0.22403124684477602	0.5063324676885936	0.021661792152370657	0.24791745271264917
14	9.448693357453754e-05	1.5040294558950807e-05	2.3811594097445096e-07	3.5923096662587875e-05	4.311559262951776e-06	0.2226134974385764	0.4779470239011614	0.022852086684611285	0.2765318789092256
15	9.605029648984186e-05	1.521252457214524e-05	2.540625557965942e-07	3.435149824492321e-05	4.13161813729627e-06	0.21988762814702323	0.4507215223959706	0.023984007163917097	0.305352892589579
16	9.76806545666362e-05	1.5228239890308497e-05	2.70053018258708e-07	3.2865670420342e-05	3.955382104458259e-06	0.21603241638341875	0.42463064750681845	0.025058716327199547	0.33422590043712996
17	9.932684199589284e-05	1.5132266885333164e-05	2.857434735524144e-07	3.1468697636819655e-05	3.7864500084053277e-06	0.2112179948060911	0.3996470422702265	0.026077497796945074	0.36300679196873337
18	0.00010101136609524989	1.4974564689965846e-05	3.0130587381824415e-07	3.0092136991051846e-05	3.6206263499180692e-06	0.20559670116636183	0.37574722200463	0.027041460581302232	0.39156562761380137
19	0.00010272188265506344	1.4765796819564495e-05	3.1675086895162743e-07	2.8737748235331976e-05	3.457821421092949e-06	0.19930882126714305	0.352907778116498	0.027951719135875838	0.41978440336313844
20	0.00010445143439550591	1.4497425152710594e-05	3.3194916233652326e-07	2.7420064531454824e-05	3.2991267579969665e-06	0.19248252118836978	0.331105680396709	0.028809380592643756	0.4475568692566733
21	0.00010619770267374295	1.4187170426691222e-05	3.4696048867997365e-07	2.612472604445438e-05	3.1434403664353745e-06	0.18523430246258266	0.3103183449827486	0.029615543546746136	0.47478800671059673
22	0.00010795167866683963	1.3832604979223475e-05	3.6169264139083747e-07	2.486246320911054e-05	2.9915605034388807e-06	0.1776701473782283	0.29052281318062084	0.03037133567326738	0.5013936554465506
23	0.00010971184434150327	1.3356624355152386e-05	3.7602339486698357e-07	2.3709518429124367e-05	2.8459894793552422e-06	0.16988551211344816	0.2716960332947613	0.03107789856459345	0.527300267871539
24	0.00011146302489154263	1.30197014047923e-05	3.902443090616028e-07	2.2428376515170346e-05	2.698652879436119e-06	0.16196646065303472	0.25381459278972657	0.031736414142511785	0.5524439954396189
25	0.00011320900318324075	1.2571164627921738e-05	4.039980500523777e-07	2.1258060379353456e-05	2.5577737594356063e-06	0.15398913694687652	0.23685445948483527	0.03234808850976783	0.576771524061704
26	0.00011493935410993521	1.2103967076062094e-05	4.173550156345417e-07	2.0118583868087792e-05	2.4207399302836266e-06	0.14602083192641535	0.22079152669876326	0.032914152521838554	0.6002384282070932
27	0.00011664921295457966	1.1618585203289271e-05	4.3027647850384076e-07	1.9014136435499096e-05	2.287788928129768e-06	0.13812112114324895	0.2055996999321056	0.03343594381980088	0.6228098843177995
28	0.00011833270588693838	1.1190968468591995e-05	4.4283316000730077e-07	1.787686223700466e-05	2.156630247457586e-06	0.1303407841916468	0.19125347424450542	0.03391478054198428	0.6444592937277509
29	0.00011998609588762503	1.061913255186166e-05	4.547191603907987e-07	1.6905893464401806e-05	2.0341589357203305e-06	0.12272415587823933	0.17772529292221076	0.0343520832275413	0.6651684540678968
30	0.0001216025186663542	1.0111947641933195e-05	4.661754845342139e-07	1.5905545774162244e-05	1.913812433015668e-06	0.11530749400858922	0.16498671035931964	0.03474933743831216	0.6849280607124459
31	0.00012316782618627145	9.612557533258187e-06	4.770123450011286e-07	1.4943991772482277e-05	1.7986121629858317e-06	0.10812136869170852	0.15301294065980703	0.035107839432026416	0.703731019042645
32	0.00012470924155142014	9.10048576721154e-06	4.874490808628947e-07	1.4016338271712197e-05	1.6864853287926359e-06	0.10119055395873922	0.1417726664288229	0.03542922670768552	0.7215822621463044
33	0.0001261562859551096	8.583866847530026e-06	4.969514073468753e-07	1.3179773653381186e-05	1.5831221366320547e-06	0.09453350249556931	0.13123071128445105	0.035715330625375	0.7384966118805604
34	0.0001276212478215701	8.114147398095637e-06	5.063957152594794e-07	1.2280562408908764e-05	1.4776466561663025e-06	0.08816476001739189	0.12137120278418431	0.03596701981792666	0.7544746386283192
35	0.0001289768705516661	7.626416153839469e-06	5.14649028325824e-07	1.1498916623104566e-05	1.3831476430644205e-06	0.08209418330977665	0.11215462899877798	0.0361863459559229	0.7695438186060747
36	0.00013031815407231305	7.169899261396804e-06	5.229521696846217e-07	1.0701482920102387e-05	1.287511576503004e-06	0.07632640472507501	0.10355184831468903	0.03637485541357706	0.7837272097007313
37	0.00013157868153707103	6.739461972223485e-06	5.303825502335547e-07	9.952912249094641e-06	1.1985616913769761e-06	0.07086256990091444	0.09553169468195281	0.03653418249061631	0.7970531316080537
38	0.00013278445076137944	6.293215094721004e-06	5.371385902746946e-07	9.269732089621201e-06	1.1154634640040088e-06	0.06570205980131322	0.08806551970470204	0.036665841731293856	0.8095493632134523
39	0.0001339282664646181	5.885380643296827e-06	5.433368318056199e-07	8.606781964859447e-06	1.0362340954207889e-06	0.06084131519113726	0.08112420403476785	0.036771372683310606	0.8212470363572488
40	0.00013501632742269972	5.480048291888897e-06	5.489470043224677e-07	7.992891760390389e-06	9.617855206993418e-07	0.056274356331242475	0.07467874156225252	0.03685230523651261	0.8321796131974152
41	0.00013604524989989505	5.061193506136763e-06	5.53945086984526e-07	7.446767120169637e-06	8.928443868146152e-07	0.0519932707535646	0.0687004907430224	0.036910149675749425	0.8423821340775637
42	0.00013700286462803548	4.971110374061682e-06	5.587414779696601e-07	6.64894241429345e-06	8.183411056396829e-07	0.04798919445802987	0.06316213265015932	0.036946360140925096	0.851889315615514
43	0.0001379267409982177	4.399920079258009e-06	5.624517694983065e-07	6.3472474155059155e-06	7.636397375202324e-07	0.04425123818165034	0.05803657332647393	0.0369623385068031	0.8607377767260711
44	0.0001387830612853743	4.079319409898156e-06	5.659000477405446e-07	5.865978245221487e-06	7.057410117658493e-07	0.04076868230537326	0.053298072153266186	0.03695946718431656	0.8689625614183295
45	0.0001395875195596745	3.776861880727287e-06	5.688697027768874e-07	5.4152429029818215e-06	6.515059538396923e-07	0.03752937370765096	0.04892128389582353	0.03693907297713545	0.8765998569389498
46	0.00014033770763149703	3.608561036091287e-06	5.714524139083199e-07	4.88472949899211e-06	5.97549419511334e-07	0.034521378229417504	0.04488250650238193	0.03690240964416079	0.8836840433316713
47	0.0001410421751011584	3.2271394750183863e-06	5.734259192691589e-07	4.603404454766256e-06	5.538550497876582e-07	0.03173194806116461	0.04115848336038547	0.03685068972807551	0.8902499210254757
48	0.0001416983310106862	2.979230273623246e-06	5.750715391944396e-07	4.237438381111753e-06	5.099287953840037e-07	0.02914911571809066	0.03772779220010935	0.03678505272397007	0.8963297376888408
49	0.00014230798309878146	2.7467799497697e-06	5.763136281000754e-07	3.8996474800426305e-06	4.692758433056429e-07	0.0267604188207274	0.034569511168773784	0.03670659281078913	0.9019557851828087
50	0.00014287551196259161	2.5291606261633803e-06	5.771885039470458e-07	3.5866198548962607e-06	4.315190524011742e-07	0.0245540033942282	0.03166428638832538	0.03661632814364	0.9071582575857694
51	0.00014338911498071536	2.3927846579216514e-06	5.777011133197527e-07	3.2448024427930837e-06	3.955968052494859e-07	0.02251802372906034	0.028993375504953883	0.036515242834252226	0.9119667470467148
52	0.0001438886123243266	2.1422451976549233e-06	5.779180477889336e-07	3.0269638232793935e-06	3.642606069494031e-07	0.020641050216228134	0.026539309512917397	0.036404249101132304	0.916409279782047
53	0.00014432501054123122	2.0828696312880827e-06	5.778050896131947e-07	2.682195065372559e-06	3.3211967249419493e-07	0.01891257310372694	0.02428609181723831	0.03628419215164454	0.9205114679379319
54	0.00014475867695361573	1.8074872010447287e-06	5.774434743705599e-07	2.549638459139155e-06	3.0675391182907777e-07	0.017321808561567096	0.022218094447765468	0.03615587802119947	0.9242989776464221
55	0.00014515518052864198	1.560020147145226e-06	5.768209836141559e-07	2.4245059643334416e-06	2.8347237626441237e-07	0.015858942650395363	0.020320954240155766	0.0360200623155467	0.9277951959744314
56	0.00014549953726639573	1.5231554441873137e-06	5.759347123616012e-07	2.1434526447929127e-06	2.579199322619617e-07	0.014514911547248712	0.018581603764037107	0.035877435510611094	0.9310215487153699
57	0.00014582790317882525	1.3968495567345867e-06	5.748409845509622e-07	1.9640720461885876e-06	2.363342337003155e-07	0.013281019777985521	0.016987980062580815	0.03572861785838561	0.9339982102042274
58	0.0001461305507803936	1.2978196737850236e-06	5.735421883803358e-07	1.7821426749693734e-06	2.1594468247143178e-07	0.012148441089669936	0.015527742266382847	0.035574250056953305	0.9367456971377747
59	0.00014640957559839383	1.172973156780619e-06	5.720661712422979e-07	1.6471879407946653e-06	1.9819713278848575e-07	0.011109513314413582	0.014190366515037661	0.03541487942311178	0.9392816503230358
60	0.00014666617882191034	1.0744519748331648e-06	5.704174794291492e-07	1.507544736632614e-06	1.8140698719460607e-07	0.010157276624635019	0.012966316438445018	0.035251002684313845	0.9416220704314284
61	0.0001469000093405481	1.0570266929396931e-06	5.685963254611814e-07	1.31042257536687e-06	1.6394506568382984e-07	0.009284847305602093	0.01184623214925091	0.035083107180151125	0.9437827133743367
62	0.00014712285216589025	7.552400661539383e-07	5.667087764453506e-07	1.3992363764316055e-06	1.5596261507851684e-07	0.00848537965699818	0.010821137483114088	0.03491164223655876	0.9457789634754952
63	0.0001473088565209326	1.2134350163895615e-06	5.644949065477982e-07	7.853587109570109e-07	1.2785484517339323e-07	0.007754080432478104	0.00988398496311766	0.03473700909870478	0.9476222343622206
64	0.00014750257488460375	8.74870038999879e-07	5.623850946483096e-07	9.369672726816705e-07	1.2320270906737768e-07	0.007085061176001087	0.009027898295778273	0.03455951840496366	0.9493250246981418
65	0.00014767430733839351	6.96088526608246e-07	5.601363476538503e-07	9.540153965108736e-07	1.1545239083444469e-07	0.006472014176645783	0.008243943916417468	0.034379639590438174	0.9509020766238372
66	0.0001477875750963561	5.759128638756216e-07	5.576968979367624e-07	9.679920598627284e-07	1.1082308196976827e-07	0.005911299460265492	0.007527437524320362	0.03419761751612792	0.9523614330743828
67	0.00014786547566511627	6.030941685047423e-07	5.554427275969739e-07	8.789918012662043e-07	9.699563751670033e-08	0.005398188362624736	0.0068721096654626125	0.03401377543220695	0.9537137920153712
68	0.00014809468282250027	5.267520071706702e-07	5.527444776168065e-07	7.371542727850309e-07	8.866641992809835e-08	0.004929254483016503	0.006273527391560505	0.03382833675548615	0.9549669760527597
69	0.00014821432162556806	4.812420826188249e-07	5.501299735704573e-07	6.733210828204617e-07	8.098523542306657e-08	0.004500591445579255	0.005726677953550639	0.03364155725517827	0.9561293876673177
70	0.00014832372613426034	4.3972230393242034e-07	5.474616600525825e-07	6.151098953336967e-07	7.398000642181804e-08	0.004108992661531003	0.0052273486192422934	0.03345365335835451	0.9572083290870068
71	0.00014842397671706415	4.017731350300367e-07	5.447430516753841e-07	5.619272217704823e-07	6.75798744608401e-08	0.003751176307855438	0.004771288135187278	0.03326483384711346	0.9582111256865613
72	0.00014851609021032902	3.670016407530293e-07	5.419747808195991e-07	5.132155975120849e-07	6.171777058723392e-08	0.0034242521410510754	0.00435475887790281	0.03307528580166936	0.9591442192695874
73	0.00014860059476547006	3.3520104411629896e-07	5.391656311650902e-07	4.6868036188643186e-07	5.635819736308534e-08	0.0031256346611343595	0.003974423503105059	0.03288517725444972	0.9600133651760766
74	0.0001486781351199671	3.06119950137694e-07	5.363208307939582e-07	4.279656646235094e-07	5.145843447877629e-08	0.0028528915794682947	0.0036271482367983303	0.03269466333702894	0.9608239749818247
75	0.00014874932103521685	2.795208080540464e-07	5.334445191397417e-07	3.9073555591856153e-07	4.697808167184004e-08	0.0026038083145842627	0.0033100840978374448	0.03250388495899818	0.9615809719496156
76	0.00014881466198927635	2.5520442819109395e-07	5.305417318332031e-07	3.5670856506317363e-07	4.288328563713129e-08	0.002376360118386207	0.003020629904726707	0.03231297021373363	0.962288854425143
77	0.00014887464838680292	2.3297913958647731e-07	5.276166183228878e-07	3.256143159169425e-07	3.914153937173338e-08	0.0021686839966242595	0.002756395232877174	0.03212203583500841	0.9629517595838774
78	0.0001489297310749454	2.1266865115418153e-07	5.24672948702119e-07	2.972043614950865e-07	3.572296370421893e-08	0.001979074981708169	0.0025151948184563267	0.03193118788523824	0.9635734720456727
79	0.00014898031982658045	1.9411257668442982e-07	5.217143043897416e-07	2.712528899095344e-07	3.260040243686397e-08	0.0018059718314258494	0.002295029570324377	0.03174052266665801	0.9641574562514188
80	0.00014902679418222345	1.7716231999022487e-07	5.18743885722845e-07	2.4755088517867493e-07	2.9748726885867154e-08	0.0016479438589564897	0.0020940691657698914	0.03155012757320305	0.9647068861962532
81	0.00014906950283107606	1.6168130753694973e-07	5.15764610509876e-07	2.2590638161078335e-07	2.7144869267385372e-08	0.001503681615832765	0.0019106396931957697	0.03136008180441876	0.9652246663893842
82	0.00014910876563222495	1.4754418937883044e-07	5.127791639928215e-07	2.0614331410262804e-07	2.4767700301773465e-08	0.0013719863652097894	0.0017432098345930304	0.0311704570587182	0.9657134555071117
83	0.00014914487682218255	1.3463558464455852e-07	5.097900229767879e-07	1.880997103430148e-07	2.2597859854130954e-08	0.001251759844354427	0.0015903774933928314	0.030981318185853337	0.9661756893532221
84	0.0001491781063900652	1.228494246448362e-07	5.067996429697094e-07	1.716266775196288e-07	2.061786480165243e-08	0.00114199385547442	0.0014508562677703243	0.030792723797997766	0.966613604185148
85	0.00014920869229012468	1.120897026043241e-07	5.038137329962635e-07	1.56586612575355e-07	1.8817661700434065e-08	0.0010417589728794346	0.0013234607837559456	0.0306047269284339	0.9670292620072213
86	0.00014923681971761843	1.0231560778734611e-07	5.008617281724155e-07	1.4274268929409403e-07	1.7260257128773896e-08	0.000950356792294226	0.001207300899210383	0.030417370400525195	0.9674242087276882
87	0.0001492626646111102	9.349049398934119e-08	4.97989148455347e-07	1.2981659123517102e-07	1.603915521088085e-08	0.0008669586560372058	0.0011013204493659822	0.03023070109359453	0.9678002824656138
88	0.0001492866450110112	8.530823125465757e-08	4.949984434398749e-07	1.1840002521309855e-07	1.4648289082059913e-08	0.0007908395059487733	0.001004596523713992	0.030044759157778708	0.96815909145757
89	0.00014930878102118023	7.784175191851841e-08	4.920148095624554e-07	1.0798180930600673e-07	1.338060803367361e-08	0.0007213955562849929	0.0009163598387610078	0.029859577426466794	0.9685019759595088
90	0.00014932923826711187	7.102703899622777e-08	4.890374247593376e-07	9.84753439259593e-08	1.2221925207483468e-08	0.0006580368956379153	0.0008358593954412954	0.029675187376462832	0.9688302455707256
91	0.000149348157398694	6.480847851039453e-08	4.860682969475613e-07	8.980133346845275e-08	1.1164492380460205e-08	0.0006002351553035959	0.0007624227097956781	0.029491616591821673	0.9691450737004783
92	0.00014936567227619632	5.913378007766894e-08	4.831078746682107e-07	8.188743651892522e-08	1.0198632539727805e-08	0.00054750285676175	0.0006954294895162738	0.029308889882660446	0.9694475434433383
93	0.0001493819029743747	5.395574718393398e-08	4.801572222223379e-07	7.466720586897035e-08	9.316850350944903e-09	0.0004993973514385958	0.0006343165979224221	0.02912702916642907	0.9697386387871849
94	0.0001493969600816791	4.9231048862745754e-08	4.772169790269849e-07	6.808030125880434e-08	8.511589173253947e-09	0.0004555132854827172	0.0005785684415337464	0.028946053901323595	0.9700192613317423
95	0.0001494109443487912	4.492014868281326e-08	4.7428786956050795e-07	6.207130141137813e-08	7.776331555046303e-09	0.00041548125047068677	0.0005277152235701071	0.028765981212535117	0.9702902332577734
96	0.00014942394785626872	4.098694124602086e-08	4.713704706116152e-07	5.658982293706728e-08	7.104908937485022e-09	0.0003789637090959279	0.0004813277433077895	0.02858682614744428	0.9705523063480088
97	0.0001494360547534243	3.7398423138743415e-08	4.684653293300651e-07	5.158968282924315e-08	6.491811278541291e-09	0.0003456527585356799	0.0004390145329323448	0.028408601833847084	0.9708061669294389
98	0.0001494473418277083	3.4124484144383506e-08	4.6557291931094294e-07	4.702883553349301e-08	5.931933303767222e-09	0.00031526727876351074	0.0004004182185267086	0.028231319666260447	0.9710524421782776
99	0.0001494578792687891	3.113760459229649e-08	4.626936658746077e-07	4.2868802999713106e-08	5.420657745146755e-09	0.00028755077063462623	0.00036521275938363303	0.028054989452087772	0.9712917048971632
100	0.00014946773111395553	2.8412678905848243e-08	4.5982794496650834e-07	3.907452153721885e-08	4.953740635751083e-09	0.00026226912493571046	0.00033310060306423805	0.0278796195594313	0.9715244784436833
