time	s1	s10	s11	s12	s13	s14	s15	s16	s17	s2	s3	s4	s5	s6	s7	s8	s9
0.0.	100.0	0.0	0.0	0.0	0.0	0.0	0.0	0.0	0.0	0.0	0.0	0.0	0.0	0.0	2.6469779601696877e-23	0.0	0.0
0.0.3.0	0.6551548100133541	0.500457747367208	0.666675965758283	1.469006015940674	2.143164183543585	0.26963968195042604	0.5599090239105661	0.21931623057562502	0.158105720464414	48.012862904236066	14.556262521221417	0.6708877252656691	12.770143519077418	7.2673470422114494	0.195472889790058	5.723178124496649	4.162415894177092
0.0.6.0	0.4542838468736	1.064107943342827	0.670811516013817	1.429712149340463	2.080290854176734	0.270019678209993	0.517741288149814	0.21756609205218103	0.159811189733471	35.36604016736104	27.406072815969377	0.731605154369097	12.624864054344387	7.150186253046235	0.17817449235840802	5.813693798276188	3.865018706382376
0.0.8999999999999999.0	0.437368123006998	1.5934211643076681	0.673348226645854	1.38929244387255	2.016248696758223	0.26978029574810103	0.47872933413747903	0.21538509886947002	0.161129049816848	26.344664124886506	36.610391756523946	0.6909214660088361	12.456592999480808	7.021890843458673	0.16247839938687703	5.890122721882255	3.588235255208917
1.0.2.0	0.41955839893601	2.091304161164747	0.675096848005684	1.349508391226422	1.9535831845476412	0.269251615010202	0.443184252522268	0.21304346650605102	0.162250088633865	19.930524511292383	43.224607787975025	0.6531641945680591	12.281058293994924	6.891380149391329	0.14841880969357302	5.9593051957580645	3.334760650773748
1.0.5.0	0.40545174121117705	2.560414311837836	0.676169230133285	1.310534838916944	1.892521056889689	0.26847969510678704	0.41082411366116506	0.210578267454215	0.163200096612506	15.361041737924623	47.99406909309397	0.6257399829657581	12.100369134388805	6.759789928207987	0.13583092827898102	6.022138232966554	3.102847610349741
1.0.7999999999999998.0	0.39452411415898603	3.003250142480933	0.6767215893164451	1.272640156053878	1.833426482729093	0.267528296442544	0.38143595216033305	0.20804062918822602	0.164015522604042	12.102353883339864	51.44765501387783	0.6065336385150011	11.917447652119359	6.628715706150618	0.12458320155856101	6.079909906627823	2.891218112676473
2.0.1.0	0.38594147045505606	3.422161907122568	0.676875295963358	1.236007865701657	1.776540326398212	0.266446741718878	0.354802049571146	0.20546943543974402	0.16472474632269402	9.775828780721811	53.96143743564945	0.5932368663129121	11.734494304324091	6.499336782260041	0.11455012768747601	6.133623797474334	2.698522066876596
2.0.4.0	0.37905902608712805	3.819339466957702	0.6767192985758751	1.200745149565329	1.721992869303551	0.26527097811848	0.33070195906898303	0.20289232662258702	0.165348609157511	8.112360043828824	55.80296133536719	0.584121986092049	11.553049065751004	6.372453382793215	0.105612082131932	6.184016536786697	2.5233558837919583
2.0.6999999999999997.0	0.373411470949329	4.196806652438119	0.676318573461653	1.166904309881879	1.669835388362421	0.26402707052795804	0.308919457997267	0.20032866579327302	0.16590237697321802	6.9206186489460855	57.1626180545237	0.5779523982303131	11.374166780190393	6.248588534861969	0.097656960563374	6.231627284487896	2.364317371811164
3.0.	0.368666078891954	4.556422228340618	0.675720872457484	1.134499655698675	1.620064955977638	0.262733986540791	0.28924745602436003	0.19779189505430603	0.16639730996874802	6.06456265574658	58.175938901217116	0.573849126637446	11.198556277822417	6.128068713837872	0.09058116573172101	6.27685339117757	2.22004532887471
3.0.3.0	0.36458500643547503	4.899885300264858	0.6749616060840541	1.103519632001508	1.5726422208642732	0.261405611511534	0.27149091034535	0.19529123913347501	0.16684179889310502	5.4474565924385665	58.939444000263265	0.571188323827514	11.02668089601804	6.011082050385452	0.08428995931006	6.319990690053357	2.089244162170113
3.0.5999999999999996.0	0.36099800596264203	5.228743428510491	0.674067329285158	1.073935405049723	1.527503963976271	0.26005218697555105	0.255468324816718	0.19283292075756	0.167242176046003	5.000510921759037	59.52191041594277	0.569527574031902	10.858830152685528	5.89771977985024	0.078697382845285	6.361262253393076	1.970697778112037
3.0.9.0	0.35778296741478804	5.544402237928636	0.67305822548541	1.045706912928125	1.4845719193295221	0.258681335764786	0.24101229584541903	0.190421026185099	0.16760329314382702	4.674805269499831	59.97238371883128	0.568553410574805	10.695170750901834	5.788005688642947	0.073725908972645	6.40083887902253	1.8632761595285152
4.0.2.0	0.354852072671033	5.848135702792649	0.671949877270401	1.018787114541008	1.443758942006681	0.25729879277207	0.22796943428564	0.188058121602994	0.167928933154972	4.435546195431205	60.325874241876164	0.5680439963903771	10.535782866037273	5.681917016058728	0.069305935188034	6.438853687259672	1.7659370706611082
4.0.5.0	0.352141945861745	6.141096562408727	0.670754529469979	0.993124960033231	1.404973295159424	0.25590892626447503	0.21619989240259901	0.18574569225679102	0.16822210400280802	4.257984680550045	60.60740725614784	0.567842593243819	10.380685962366654	5.579399279372838	0.065375196158043	6.475412527579996	1.677724596720991
4.0.8.0	0.34960664568682803	6.424326515717383	0.6694819910498131	0.968667454543326	1.368121604750542	0.25451511014947803	0.205576653735136	0.18348445544736103	0.16848524821392002	4.124513596664573	60.83490283262253	0.5678387019697431	10.229857160694117	5.48037677786328	0.06187814501566401	6.510601403944634	1.59776570193167
5.0.1.0	0.34721267879707	6.698765976607122	0.6681402799352001	0.9453610796303	1.333110871965908	0.253119990153965	0.19598469350255102	0.18127458376063102	0.1687203927475	4.022604089290621	61.02122364137528	0.567954656350797	10.083244305926307	5.384760024307051	0.058765336330767005	6.544491778574587	1.525265620744352
5.0.3999999999999995.0	0.344935450485826	6.965263263320239	0.666736084819423	0.923152760223211	1.299849820295311	0.251725674469585	0.18732008199354003	0.179115864394971	0.168929256241957	3.94333839091775	61.17563117007909	0.5681360941174001	9.940775262915738	5.292450991834164	0.055992831192810004	6.577144365622794	1.459502637076197
5.0.7.0	0.342756737620925	7.224583157603289	0.665275096626186	0.9019905105586801	1.268249773996794	0.25033387059614903	0.17948907877191803	0.177007812983101	0.16911332593760903	3.880366671239824	61.30482133443232	0.5683451842478591	9.802364527596461	5.203346807569835	0.053521636463945005	6.608611849618155	1.399822624136971
6.0.	0.34066288868174704	7.477414810927708	0.6637622470912551	0.8818238539081851	1.238225207587922	0.248945983841854	0.17240724842562802	0.17494975499530802	0.169273912995193	3.8291653610038052	61.413661035413064	0.5685558137337291	9.667917926638909	5.117342342141135	0.051317184595473006	6.638940838000418	1.345633590018676
6.0.3.0	0.338643541039127	7.7243790023971055	0.662201881116914	0.862604083410566	1.209694065440032	0.24756318847857903	0.16599861676596803	0.172940884034777	0.169412192413386	3.786509812763592	61.505712084606316	0.568750167312009	9.537335955711894	5.034332014455788	0.049348856630541005	6.668173267786186	1.296400385637239
6.0.6.0	0.33669070624442904	7.966034770260337	0.660597881864596	0.8442844117854631	1.1825779217176011	0.246186479378479	0.160194878288301	0.17098030365059202	0.16952923195902	3.750099348371266	61.583603940445144	0.5689162974221731	9.410516147758672	4.9542110389516125	0.047589548562777	6.69634742292053	1.251639670419036
6.0.8999999999999995.0	0.33479811720156805	8.202885449363503	0.658953762083566	0.826820043813515	1.156802030413028	0.24481670970229202	0.1549346602253	0.169067057384287	0.16962601325099802	3.718290649410836	61.64929893967987	0.569046398067525	9.287354749842967	4.876876276940744	0.046015279676772006	6.723498673721564	1.210915189221683
7.0.199999999999999.0	0.33296076174612504	8.435384152581735	0.6572727312849831	0.8101681955962751	1.132295300665958	0.243454618605411	0.150162844874057	0.167200150407567	0.169703447233906	3.68990817732471	61.70428108283344	0.5691355790290781	9.167747906857665	4.802226807036285	0.044604840575399006	6.749660017717439	1.173833385630001
7.0.5.0	0.33117454894938103	8.663938736805049	0.655557745604882	0.794288077591895	1.108990222211517	0.24210085178654	0.145829949504412	0.16537856514266802	0.169762385633512	3.664109360780254	61.74969045614067	0.5691809957238141	9.051592493296777	4.730164296478791	0.043339478099948	6.774862478338692	1.1400393579112391
7.0.8.0	0.32943606996177904	8.888916294483767	0.653811545232144	0.7791408534363451	1.086822758454626	0.24075597689201003	0.141891561665649	0.163601272569514	0.169803629528465	3.640288722507709	61.78641899068257	0.569181231833211	8.938786693676215	4.660593231585176	0.042202614131703	6.799135401684859	1.109213151674299
8.0.1.0	0.32774242622988803	9.110647210814168	0.6520366828777411	0.764689583017347	1.065732219451284	0.239420495211174	0.138307826826224	0.16186724043477302	0.16982793584671202	3.618009692600606	61.815178722188726	0.569135861569324	8.829230403291142	4.59342104875706	0.041179595230085006	6.8225066800281535	1.081066375625624
8.0.4.0	0.32609110575727	9.329428824880958	0.650235545765515	0.7508991557521031	1.045661123376384	0.238094850687311	0.135042984812165	0.16017543922986402	0.169836022363333	3.596956107717107	61.836550489135384	0.5690451395896721	8.72282550043238	4.5285581955425815	0.040257470145562003	6.845002922494374	1.055339122318054
8.0.7.0	0.324479893652628	9.54552873082443	0.6484103729157561	0.7377362182335601	1.026555052433006	0.23677943697587	0.132064951318229	0.15852484655721802	0.16982857161153803	3.576897707969212	61.851018713262704	0.5689097816041201	8.619476026545827	4.465918142746624	0.039424792398695	6.866649587509514	1.031797173441094
9.0.	0.322906807172248	9.759187752607678	0.6465632689881321	0.7251690991424811	1.008362507298957	0.23547460307358	0.129344940756659	0.15691445032766901	0.16980623400109301	3.557665587271094	61.858996275988154	0.568730809403385	8.519088300395298	4.405417362534773	0.038671445308687005	6.887471087434884	1.01022946829525
9.0.299999999999999.0	0.32137004828307203	9.970622623383864	0.6446962155910141	0.7131677334239761	0.9910347628910561	0.23418065789354603	0.126857126815544	0.15534325110614902	0.16976963035480902	3.539134721727382	61.8608423448118	0.568509441636022	8.421570984864898	4.346975283169568	0.037988487064504	6.907490872847177	0.990445814135643
9.0.6.0	0.31986796877835905	10.180028397910613	0.642811080708095	0.7017035870907581	0.9745257272988591	0.232897874055733	0.12457833727677001	0.15381026383331	0.16971935401413402	3.521211531624707	61.85687517948157	0.5682470170616261	8.32683511974554	4.290514227949958	0.037368013645339	6.926731501806811	0.9722748177178401
9.0.9.0	0.31839904440486905	10.387580623994861	0.6409096267105331	0.6907495835653681	0.958791805085324	0.23162649108678202	0.122487779861235	0.15231451908676202	0.169655972622403	3.503825023392735	61.84738136157204	0.5679449408474361	8.23479413007757	4.235959343739863	0.036803037606043004	6.945214697951649	0.9555620183945541
10.0.2.0	0.31696185547592504	10.59343729661672	0.638993517292603	0.680280032156079	0.9437917656926351	0.23036671816932702	0.12056679610536002	0.150855064000048	0.169580029664006	3.486920477946835	61.83262247437831	0.567604647204978	8.145363816928803	4.183238522914108	0.036287380941873004	6.962961400179006	0.9401682043334031
10.0.5.0	0.315555072167566	10.797740616197082	0.6370643235757021	0.67027055903776	0.929486617370554	0.229118736542503	0.11879864051403001	0.14943096292486402	0.16949204581607702	3.470454950469026	61.81283996368943	0.5672275736036101	8.058462335564553	4.132282321439377	0.035815580432460005	6.9799918059120465	0.925967894743389
10.0.799999999999999.0	0.31417744320956403	11.00061857044985	0.635123529559072	0.66069804095244	0.91583948682195	0.227882701627856	0.11716828247196401	0.148041297898714	0.16939252015387002	3.4543940590171682	61.78825869928117	0.5668151431770081	7.974010164590892	4.0830238750155115	0.035382804035891	6.996325409398787	0.912847972338321
11.0.1.0	0.312827787049671	11.202186357398059	0.6331725370479241	0.6515405417351781	0.9028155046070091	0.22665874493512803	0.11566222862239602	0.146685168963502	0.16928193123989402	3.438709690321129	61.75908960711537	0.56636875291905	7.891930068667828	4.035398814636594	0.034984777059787	7.011981036099897	0.9007064515816061
11.0.4.0	0.311504984830624	11.402547665428639	0.631212670155471	0.6427772516954641	0.8903816962437211	0.225446975788295	0.114268363635784	0.14536169436853702	0.16916073811895502	3.423378358465472	61.725531635659294	0.565889765962306	7.812147056682841	3.9893451825272392	0.03461771697753	7.026976873940615	0.8894513695192361
11.0.7.0	0.310207974705678	11.60179582470742	0.629245179450802	0.6343884298328191	0.8785068788730921	0.224247482901996	0.11297580749015601	0.144070010682806	0.16902938123555702	3.4083800284806	61.68777324393954	0.565379506727649	7.734588336767299	3.944803349120281	0.034278275885030005	7.041330502000304	0.8789997871989971
12.0.	0.308935747151284	11.800014842864208	0.6272712458067891	0.6263553488306131	0.867161563312942	0.22306033583119203	0.11177478756818601	0.142809272835126	0.16888828328597502	3.393697271133248	61.64599354502669	0.564839258085389	7.659183269172495	3.901715931535422	0.033963489707453005	7.055058917068065	0.8692768907849271
12.0.299999999999999.0	0.30768734103045103	11.997280336578001	0.625291983989395	0.6186602427494491	0.856317861296736	0.22188558631153402	0.11065652404414501	0.14157865409626	0.168737850014392	3.379314653796531	61.60036320028863	0.564270259918507	7.585863317757352	3.860027713870052	0.033670733367294	7.068178558387829	0.8602151825034481
12.0.6.0	0.306461840228107	12.1936603695346	0.623308446020416	0.611286257327145	0.845949397678539	0.22072326950405202	0.10961312718704301	0.140377346013794	0.168578470960281	3.365218299720811	61.55104513245594	0.563673708656182	7.514562000647739	3.8196855695073912	0.033397681215952005	7.080705330840363	0.8517537525016481
12.0.9.0	0.30525837072839	12.389216206182354	0.6213216243388691	0.604217402784017	0.8360312273782361	0.21957340515492402	0.108637505345353	0.139204558308154	0.16841052016268002	3.351395567541273	61.49819510611794	0.5630507574720951	7.445214840487435	3.780638385570825	0.033142272111782	7.092654626754297	0.843837623561388
13.0.2.0	0.30407609803858204	12.584002989767745	0.619332454781209	0.5974385090279121	0.8265397568398901	0.21843599867899502	0.10772328250456101	0.138059518736353	0.16823435682583202	3.337834816736803	61.44196221043787	0.5624025169315731	7.377759314597809	3.742836989598633	0.032902678599264004	7.104041346497584	0.836417161399382
13.0.5.0	0.30291422488943304	12.778070352280867	0.6173418193968391	0.5909351831520581	0.817452669778806	0.21731104217414302	0.10686472442247201	0.13694147292875802	0.168050325949816	3.32452523462612	61.382489269027246	0.5617300559353371	7.312134805287759	3.706234078474075	0.032677279707512004	7.114879917970913	0.829447543997848
13.0.799999999999999.0	0.30177198915965303	12.971462963173689	0.615350549112578	0.584693769119439	0.8087488569981871	0.21619851537241902	0.10605667244963701	0.135849684203135	0.167858758929144	3.311456707508939	61.31991319490107	0.5610344028527561	7.248282550498795	3.670784149617638	0.032464636942666006	7.125184315102297	0.8228882840579671
14.0.1.0	0.30064866198536705	13.16422102302309	0.6133594262576291	0.578701309529294	0.800408350063179	0.215098386532998	0.105294484234509	0.134783433359513	0.167659974121831	3.298619723555586	61.25436530343311	0.560316546769541	7.186145594928105	3.636443434428121	0.032263473098494005	7.134968075425269	0.816702799254379
14.0.399999999999999.0	0.29954354602479305	13.356380707688473	0.611369186958977	0.572945509364152	0.7924122586281781	0.21401061328126	0.10457398059582801	0.13374201845879902	0.16745427739107602	3.286005298603066	61.185971592660096	0.5595774387975541	7.125668741740238	3.6031698339448273	0.032072653553642	7.144244316810429	0.8108580254986141
14.0.7.0	0.298455973855278	13.547974567954373	0.609380523415868	0.567414701619232	0.7847427112217831	0.21293514339783	0.10389139791924201	0.13272475458763602	0.167241962621394	3.27360491854557	61.11485299773437	0.558817993410444	7.066798504953543	3.570922856693028	0.031891169762851	7.153025753410214	0.8053240688973791
15.0.	0.29738530648489103	13.739031889144464	0.6073940860610201	0.562097814719673	0.777382799302688	0.211871915560911	0.10324334550200501	0.13173097361163202	0.167023312210819	3.261410493808396	61.04112562450103	0.5580390897802591	7.009483062568587	3.539663558667691	0.031718124683919005	7.161324710869141	0.8000738925229091
15.0.299999999999999.0	0.2963309319645	13.929579014740948	0.6054104856154281	0.5569843416350131	0.770316524408667	0.210820860044956	0.10262676732960001	0.130760023918806	0.16679859754064502	3.24941432267696	60.96490096587046	0.557241573098156	6.953672210490819	3.509354485405574	0.031552719912523	7.169153140845661	0.795083034501296
15.0.6.0	0.29529226408901005	14.119639637635558	0.603430295042933	0.552064310604244	0.7635287482296	0.209781899378394	0.10203890782192701	0.12981127015486202	0.166568079423976	3.237609061166344	60.88628610371893	0.5564262558680351	6.899317317287958	3.479959616092582	0.031394244323866005	7.17652263488686	0.7903293542749401
15.0.899999999999999.0	0.294268741178561	14.309235062272483	0.601454051410223	0.547328257388737	0.757005145444069	0.20875494896291102	0.101477281134892	0.128884092951701	0.166332008534287	3.225987697768334	60.805383898375986	0.5555939191659001	6.846371279813134	3.451444309651103	0.031242064043783	7.183444437693246	0.7857928042106801
16.0.2.0	0.293259824932017	14.498384440614034	0.599482257657415	0.5427671989742251	0.7507321591673991	0.20773991765656502	0.10093964364650901	0.12797788865042	0.166090625815064	3.214543531877527	60.72229316727083	0.5547453138605131	6.794788479717055	3.4237752527510112	0.031095613592832003	7.189929459807475	0.781455224009154
16.0.5.0	0.29226499934634204	14.68710498456384	0.5975153842840331	0.538372608646798	0.7446969588669831	0.206736708322854	0.100423969295303	0.127092069019922	0.165844162871527	3.20327015502993	60.63710885395615	0.553881161792885	6.744524740866217	3.396920409687387	0.030954388065341003	7.195988289758048	0.777300155626493
16.0.8.0	0.291283769696343	14.875412157216354	0.5955538709547921	0.5341363923715611	0.738887400608449	0.20574521834769002	0.099928427473516	0.126226060972119	0.16559284234533903	3.192161434324569	60.54992218847115	0.553002156913466	6.695537287678858	3.370848974068046	0.030817936221657002	7.201631205686621	0.7733126766495231
17.0.099999999999998.0	0.290315661570063	15.063319845062008	0.5935981280293341	0.5300508664061571	0.733291989503553	0.204765340126099	0.099451363208719	0.12537930627462401	0.165336878273173	3.181211497568387	60.46082083981663	0.552108966376836	6.647784704386009	3.34553132225431	0.03068585438617	7.206868186485404	0.769479250272578
17.0.4.0	0.28936021995564704	15.250840513062487	0.591648538019781	0.5261087360847141	0.7278998442376541	0.203796961520351	0.09899127939523801	0.12455126126172401	0.165076476429926	3.170414719806367	60.36988906117571	0.551202231594297	6.601226895221258	3.320938968499031	0.030557781056388	7.211708922469243	0.765787590210226
17.0.7.0	0.288417008376035	15.437985344317108	0.589705456979712	0.522303075711111	0.72270066356132	0.20283996629109502	0.09854682086173801	0.123741396544361	0.16481183465732602	3.159765710986266	60.27720782840951	0.550282569245226	6.555825045539767	3.297044521726768	0.030433392139468003	7.216162825605473	0.7622265390477451
18.0.	0.287485608068191	15.624764365867714	0.587769215827968	0.518627309503496	0.7176846946368981	0.20189423450301303	0.09811676008367201	0.12294919671975602	0.16454314317863503	3.14925930457034	60.18285497227862	0.549350572248262	6.511541583864299	3.273821643901943	0.030312396742488004	7.220239039322942	0.7587859586817821
18.0.3.0	0.28656561720393703	15.81118656203307	0.585840121610494	0.5150751935350251	0.712842703136901	0.200959642906364	0.097699984369237	0.12217416008126	0.16427058490010701	3.138890546951971	60.08690530478122	0.5484068106936041	6.468340144853803	3.251245009931913	0.030194533451421004	7.223946447920432	0.755456631639242
18.0.599999999999998.0	0.285656650149726	15.99725997652364	0.583918458703203	0.511640798618583	0.708165944996729	0.20003606529574702	0.097295484365432	0.12141579832895001	0.163994335699813	3.12865468756814	59.98943073995194	0.5474518327377671	6.426185533188103	3.2292902690531022	0.030079567041448003	7.227293685593399	0.752230172184246
18.0.9.0	0.28475833676294504	16.182991804461178	0.582004489958738	0.5083184940859891	0.7036461397296541	0.199123372847326	0.09690234374682301	0.12067363628145401	0.16371456470442702	3.118547169622824	59.89050040942872	0.5464861654621991	6.385043688360571	3.207934007649523	0.029967285567994002	7.230289145096888	0.749098946232694
19.0.2.0	0.28387032172252	16.36838847531421	0.5800984577997961	0.505102932414708	0.6992754452170571	0.198221434435659	0.09651972996397401	0.11994721158940001	0.16343143455452203	3.108563621354081	59.7901807730655	0.545510315697157	6.344881650369191	3.187153713454351	0.029857497793848	7.232940986061422	0.7460559991925211
19.0.5.0	0.28299226389180604	16.553455727658736	0.578200585261568	0.501989034657576	0.695046433891781	0.197330116931263	0.09614688594136	0.11923607445089301	0.163145101658893	3.098699847790686	59.68853572484426	0.544524770812241	6.305667526295195	3.166927741086483	0.029750030912982003	7.23525714297775	0.7430949909364171
19.0.8.0	0.28212383571187905	16.73819867658142	0.5763110769856891	0.49897197663333803	0.69095207023697	0.19644928547992302	0.09578312262609301	0.11853978732933701	0.162855716438414	3.088951822953931	59.585626694319856	0.5435299994749461	6.267370457757393	3.147235278875353	0.029644728536316	7.237245332865453	0.74021013719353
20.0.099999999999998.0	0.28126472262351604	16.922621874460653	0.57443012016799	0.49604717583801505	0.686985689527137	0.19557880376474202	0.09542781229908501	0.117857924673922	0.16256342355987902	3.079315682467577	59.48151274381396	0.542526452378554	6.229960589229439	3.128056316928605	0.029541448908793	7.238913062639593	0.737396156718361
20.0.4.0	0.28041462251625304	17.106729365786258	0.5725578854622081	0.49321027903920306	0.683140977742227	0.194718534251851	0.09508038256951101	0.11719007264303001	0.162268362160289	3.06978771654457	59.37625066155961	0.54151456294065	6.193409037206455	3.109371616398534	0.029440063330687	7.240267636188866	0.734648223659596
20.0.7.0	0.279573245203029	17.290524736612664	0.570694527841698	0.49045715051738703	0.679411952589363	0.193868338420662	0.09474031098168101	0.116535828830804	0.161970666061998	3.060364363323452	59.26989505098526	0.5404947479734941	6.157687860206898	3.09116267990459	0.02934045475932	7.241316161177966	0.7319619246095761
21.0.	0.278740311919051	17.474011159180062	0.5688401874211101	0.48778386092026005	0.675792945570531	0.19302807697948202	0.09440712017085301	0.11589480199709101	0.16167046397911602	3.051042202530816	59.16249841631508	0.539467408327431	6.122770029594899	3.073411723070417	0.0292425165701	7.242065555586294	0.729333219867299
21.0.3.0	0.277915554843568	17.65719143218444	0.56699499023986	0.48518667669778504	0.6722785850379871	0.192197610067276	0.09408037351110601	0.115266611800951	0.16136787971555702	3.041817949448888	59.054111244653186	0.5384329295084791	6.08862940120801	3.056101647135344	0.029146151458322004	7.242522553994418	0.726758408494757
21.0.599999999999998.0	0.27709871664337404	17.840068017129042	0.56515904900917	0.48266205008747104	0.668863780182341	0.19137679744232902	0.09375967120436801	0.114650888537873	0.161063032355089	3.03268844916949	58.94478208470883	0.5373916822711721	6.055240687774834	3.03921601260142	0.029051270465334	7.242693713629257	0.7242340967885731
21.0.9.0	0.27628955003688804	18.022643071146387	0.563332463824343	0.48020660962092504	0.6655437059014161	0.190565498658497	0.093444646764963	0.11404727288086801	0.16075603644373002	3.023650671117449	58.83455762231189	0.536344023187714	6.022579432106824	3.022739013878359	0.028957792114590004	7.242585420178262	0.7217571698268751
22.0.2.0	0.27548781737778	18.204918476640728	0.5615153228438561	0.47781715112425205	0.662313788500837	0.189763573229722	0.09313496385881101	0.113455415625533	0.16044700216482302	3.01470170382806	58.72348275286006	0.5352902951944221	5.990621981048294	3.006655454890003	0.028865641644845	7.242203893382538	0.719324765785456
22.0.5.0	0.274693290257135	18.386895868065896	0.5597077029367921	0.47549062918636	0.659169692180065	0.18897088078343502	0.0928303134607	0.112874977439207	0.16013603550709302	3.005838749964453	58.61160065083149	0.5342308281164131	5.959345460168577	2.9909507256070853	0.028774750329196002	7.241555192418191	0.7169342527479441
22.0.8.0	0.273905749123242	18.568576656121763	0.55790967030005	0.47322414907053706	0.6561073062601841	0.188187281203457	0.092530411296805	0.112305628614299	0.15982323842599702	2.997059121561872	58.4989528364907	0.533165939171456	5.928727749180136	2.975610779472281	0.028685054870043	7.240645221074901	0.7145832077623321
23.0.099999999999998.0	0.27312498291812304	18.749962049624187	0.556121281046708	0.471014959046034	0.6531227331121741	0.187412634762948	0.09223499554309801	0.11174704882585701	0.159508708998636	2.988360235486778	58.38557923990822	0.532095933453833	5.89874745806646	2.960622111684657	0.028596496861188002	7.239479732740165	0.7122693979210051
23.0.4.0	0.272350788729987	18.93105307527784	0.554342581766827	0.46886044311755204	0.6502122767467351	0.186646802247961	0.091943824753325	0.111198926893442	0.159192541572511	2.979739609099603	58.27151826240957	0.531021104399063	5.869383903903508	2.945971738311748	0.028509022309309004	7.238064335197355	0.7099907632637721
23.0.7.0	0.27158297146083005	19.11185059555813	0.552573610061977	0.46675811413174306	0.647372432028906	0.18588964507209002	0.091656675992957	0.11066096054735002	0.158874826908374	2.9711948561106962	58.156806835562925	0.529941734230261	5.840617088358599	2.931647176198606	0.028422581207983	7.236404495245288	0.7077454013234511
24.0.	0.27082134350846204	19.292355324888245	0.550814395054631	0.464705607240923	0.644599874482738	0.185141025382719	0.091373343157989	0.11013285619921001	0.15855565231742802	2.962723682619693	58.04148047780994	0.52885809438691	5.81242767585061	2.917636423644196	0.028337127158205	7.234505543146684	0.7055315531516261
24.0.3.0	0.270065724462258	19.47256784427822	0.549064957873596	0.46270067370522205	0.641891450653293	0.184400806159312	0.09109363545966301	0.109614328716995	0.15823510179309902	2.954323883329179	57.92557334883946	0.527770445936745	5.784796972355573	2.9039279418165362	0.028252617030073004	7.232372676912552	0.7033475906784601
24.0.599999999999998.0	0.269315940811994	19.65248861457668	0.547325312116529	0.46074117501544304	0.639244168995018	0.183668851304186	0.090817376058119	0.10910510120443401	0.157913256137618	2.945993337924037	57.809118301798755	0.526679039971474	5.757706904841776	2.890510636879045	0.028169010660928	7.230010966429202	0.701192005275033
24.0.9.0	0.268571825669147	19.832117988470593	0.545595464290593	0.458825077319756	0.6366551912572951	0.18294502572619	0.09054440082979401	0.108604904784867	0.15759019308362002	2.937730007608438	57.692146933432966	0.525584117986963	5.731140001318744	2.877373842801446	0.028086270585787002	7.227425357434279	0.699063397399825
25.0.2.0	0.267833218500082	20.011456221355143	0.5438754142322171	0.456950446138332	0.6341218243396031	0.18222919541766502	0.090274557254922	0.108113478389499	0.157265987410969	2.9295319317928312	57.57468963223925	0.524485912248551	5.705079371484534	2.86450730482957	0.028004361796386	7.224620675347981	0.696960467222794
25.0.5.0	0.267099964870573	20.190503481183487	0.542165155506913	0.455115441350794	0.63164151259027	0.18152122752506902	0.090007703412914	0.10763056855007201	0.156940711058995	2.921397224923812	57.45677562471796	0.523384646142079	5.679508687956096	2.85190116358932	0.027923251525604	7.22160162896526	0.6948820061311191
25.0.8.0	0.26637191620113804	20.369259857395324	0.540464675790028	0.45331831244221005	0.629211830524254	0.18082099041362001	0.089743707074681	0.10715592919592601	0.156614433234351	2.913324073450069	57.33843301979984	0.522280534511219	5.654412168067537	2.8395459398009093	0.027842909054376003	7.218372814014616	0.692826889030263
26.0.099999999999998.0	0.26564892953268804	20.547725369013307	0.538773957229302	0.45155739399406203	0.626830475936737	0.18012835372629002	0.089482444882061	0.10668932145542101	0.156287220514644	2.905310732918042	57.21968885152434	0.521173783981666	5.62977455622145	2.8274325195803813	0.027763305538576002	7.214938716588825	0.6907940673625941
26.0.4.0	0.264930867302033	20.72589997198764	0.5370929767900341	0.449831101407388	0.6244952633906681	0.179443188437469	0.08922380160556001	0.10623051346170101	0.155959136948035	2.897355525191239	57.10056912004117	0.520064593272715	5.605581106778624	2.815552140306234	0.027684413853618	7.211303716452713	0.6887825627735661
26.0.7.0	0.264217597126791	20.90378356586111	0.5354217065836471	0.44813792684594006	0.622204118057556	0.178765366901594	0.08896766947250101	0.105779280162761	0.15563024414895102	2.889456835787494	56.98109883100376	0.518953153496732	5.58181756747177	2.803896377029756	0.027606208454804004	7.207472090232853	0.6867914613624041
27.0.	0.26350899159927504	21.08137599981972	0.533760114180387	0.44647643538784604	0.6199550698920131	0.178094762897052	0.08871394755850501	0.10533540313577601	0.155300601390083	2.881613111328745	56.86130203342041	0.517839648447012	5.558470163329056	2.792457129408512	0.027528665251651003	7.203448014493863	0.6848199084605341
27.0.3.0	0.26280492808897205	21.258677078187617	0.532108162906867	0.44484526137489205	0.617746248121617	0.177431251665604	0.08846254123595501	0.10489867040565601	0.154970265690814	2.873822857098215	56.74120185602601	0.51672425487449	5.535525581093595	2.781226609143102	0.027451761494662	7.199235568705777	0.6828671038866011
27.0.599999999999998.0	0.262105288553214	21.43568656541932	0.530465812129145	0.44324310494908203	0.6155758760346941	0.1767747099476	0.08821336167374301	0.10446887626777801	0.154639291902213	2.866084634700102	56.62082054223452	0.5156071427537391	5.512970954125236	2.770197327898106	0.027375475673166002	7.194838738106775	0.680932297632026
27.0.9.0	0.261409959355689	21.612404190636852	0.5288330175219691	0.441668728766727	0.613442266049608	0.17612501601323702	0.08796632538318201	0.10404582111483801	0.15430773278874702	2.858397059817174	56.50017948372977	0.514488475538706	5.49079384777126	2.759362085688782	0.027299787423007003	7.190261416465359	0.6790147859355831
28.0.2.0	0.26071883109244703	21.788829651754885	0.5272097313248201	0.440120954880765	0.611343815050031	0.17548204969007802	0.08772135380550901	0.10362931126779001	0.153975639106834	2.850758800061877	56.37929925274959	0.5133684104085751	5.468982245192953	2.748713959715801	0.027224677443017	7.18550740874592	0.6771139077096191
28.0.5.0	0.26003179842507	21.96496261923278	0.52559590258535	0.43859866178257606	0.6092789999715741	0.17484569238706701	0.08747837293685601	0.103219158810797	0.15364305968036301	2.843168572916786	56.25819963311613	0.5122470985041581	5.447524533635124	2.738246293630919	0.027150127419312	7.180580433681436	0.675229041284215
28.0.799999999999997.0	0.259348759920692	22.140802739488297	0.523991477390757	0.437100781594954	0.607246373625932	0.17421582711524503	0.087237312986986	0.102815181430149	0.153310041473309	2.835625143760435	56.13689965006289	0.511124685155191	5.426409491126105	2.727952687217167	0.027076119956584002	7.175484126256905	0.673359601438913
29.0.099999999999998.0	0.258669617898576	22.316349638004898	0.522396399087674	0.43562629740838604	0.605244560749506	0.17359233850535702	0.086998108068497	0.102417202257087	0.152976629659544	2.828127323974763	56.015417598906495	0.510001310098906	5.405626273595896	2.717826986467705	0.027002638515628	7.170222040106967	0.671505036694636
29.0.4.0	0.25799427828296	22.491602922160844	0.52081060849105	0.434174240753165	0.6032722542641651	0.17297511282256	0.086760695913488	0.10202504971447401	0.152642867689983	2.820673969130582	55.893771072609866	0.508877107690193	5.385164402400493	2.7078632740481	0.026929667356447	7.164797649831025	0.66966482684113
29.0.7.0	0.257322650461907	22.666562183806093	0.519234044082555	0.43274368920028305	0.601328211738509	0.172364037978389	0.08652501761504201	0.101638557367246	0.15230879735713101	2.813263977247667	55.771976988281	0.507752207103727	5.36501375224061	2.698055860127363	0.026857191486354	7.159214353229018	0.6678384806776491
30.0.	0.256654647151892	22.841227001610058	0.5176666421989511	0.43133376408441704	0.5994112520386461	0.17175900354016202	0.086291017391093	0.10125756377658401	0.151974458857179	2.805896287126203	55.65005161264972	0.506626732528342	5.345164539463402	2.688399273563613	0.026785196612549002	7.153475473460883	0.666025533946846
