	s1	s10	s11	s12	s13	s14	s15	s16	s17	s2	s3	s4	s5	s6	s7	s8	s9
0	100.0	0.0	0.0	0.0	0.0	0.0	0.0	0.0	0.0	0.0	0.0	0.0	0.0	0.0	0.0	0.0	0.0
1	1.7130976554737911	0.4210586580428821	0.5690268082732648	3.754279563146929	2.10005434805683	0.20742226480931128	0.4521997558917529	0.2049180400817588	0.15670525300199697	39.0404162791417	23.2001610248815	1.6619046405195674	11.213556106531234	5.002392248493474	0.10073289709843578	5.419258269201273	4.782816187354207
2	1.0923826872192892	0.9265149110042254	0.6027477880187948	3.6178117150157436	2.141564809486403	0.22031312257290925	0.4636422465481365	0.21471339730837002	0.16780986031817205	22.64090827259305	39.58612185499743	1.0631125761836944	11.281639620358783	5.342299722223653	0.10356206219047942	5.787491365742297	4.74736398821837
3	0.7801674398809377	1.4258985586717525	0.6221385893257889	3.4040313257360446	2.129432689144989	0.22801158517271786	0.4634703330449463	0.21925983889001877	0.1750790514842797	13.53899774625987	48.97810280666358	0.6832966846607511	11.070201283961596	5.55875329312765	0.1037992269175589	6.021982734221623	4.5973768128358365
4	0.5998853661041313	1.910547855047619	0.6333322864242347	3.1617144146050644	2.088705020433985	0.2327357881167098	0.45700802957939407	0.22083549861679683	0.18014948355935897	8.46558046772192	54.48088190086373	0.4718381946802985	10.716947840980572	5.704411410956701	0.10262245166992245	6.179779028536433	4.3930249621029995
5	0.4940760685561747	2.376415081284031	0.6397692969577643	2.9165137841769435	2.0333406057055115	0.23572986391515804	0.4472289302077731	0.22071824697711223	0.18393863659802065	5.62216227960726	57.80849382474974	0.35401536717127624	10.298031961576381	5.808799398919377	0.1006903132159903	6.2928660154959974	4.1672103248853
6	0.4299188404668474	2.8220027699748953	0.6433794354280977	2.6812798462382936	1.9710768103204068	0.23769156686623885	0.4357875652880432	0.2196246287196426	0.18696066100083125	4.014898253885919	59.91062749203089	0.28804641227777067	9.855108251873846	5.888467963883308	0.09836983374627543	6.3791736275402595	3.937586040458228
7	0.38921245094673806	3.247173785503253	0.6452477516684734	2.4618786168407545	1.9061764913818506	0.23901311001984377	0.42360138813940856	0.21795727034053464	0.18950417225812197	3.0938978757702564	61.31421903853481	0.2508139412596493	9.410610593544884	5.952712527563176	0.09586508333691847	6.448771904860119	3.713343998031072
8	0.36185605264305415	3.652495058843433	0.6459905143451767	2.260448393242917	1.8409771449832524	0.23991717124043102	0.41117906725611303	0.21594454054077136	0.19173268049728368	2.554818061937133	62.312254280869006	0.22952722187962257	8.976361049679358	6.00680359238378	0.09328973083438272	6.507370558415769	3.49903488040846
9	0.3422320530772873	4.038877864425431	0.6459633673513449	2.077186515867167	1.7767485908401672	0.24053218902047718	0.3988022608359673	0.21371787725349273	0.19374018761302308	2.2291397218542013	63.06820068878145	0.21710739090971645	8.558333497873383	6.053775077881235	0.09070721599398275	6.558256334371339	3.296679166050276
10	0.3272052046675313	4.407381921835917	0.6453765756233023	1.9113242573693308	1.7141678569329897	0.24093404857127998	0.3866262769570546	0.21135460617947563	0.19558196476258877	2.023481475746163	63.67377684493336	0.2096350912748463	8.15928867929842	6.095414336845447	0.08815299623112349	6.603365531582569	3.1069323311885113
11	0.31501569436947696	4.759109914673562	0.6443588730043401	1.7616541639741286	1.6535822819849226	0.24116917520634087	0.37473585738442095	0.20890166867406915	0.1972916000210129	1.8860343190439262	64.18091329011844	0.20493879721492556	7.780231765780151	6.132810550594283	0.08564687620774042	6.643878096477142	2.929727075271085
12	0.30466670356350223	5.095151836191541	0.6429928732014697	1.6268111854276994	1.5951554298812083	0.24126734106688247	0.3631761290638873	0.20638878680286885	0.1988904500436272	1.7879961662715813	64.61943846208472	0.20181402142222396	7.421218516012318	6.166658796641831	0.08319984977672834	6.680547029695321	2.7646264228525466
13	0.2955854680898	5.416556721602123	0.6413347438847667	1.5054188000636022	1.5389481395476348	0.2412487793616479	0.35196981037270325	0.20383578246474324	0.2003928884172047	1.7133024945428115	65.00686874429516	0.19959144660427655	7.0818010042039665	6.197428913491985	0.08081790440084612	6.71388132294965	2.611017035707046
14	0.2874356245228629	5.724319365094749	0.6394251688469615	1.396161509882312	1.4849636545979255	0.24112814733613383	0.34112680523475747	0.20125665974004225	0.20180922730510706	1.652945430489998	65.35383074063891	0.19789803959213947	6.761273881019155	6.225459523276033	0.07850414338672562	6.744247816882371	2.4682142621537193
15	0.28001324785017523	6.019375171221565	0.6372954843144127	1.2978175347929612	1.4331728461426774	0.2409167437290331	0.33064957820574886	0.19866189385874894	0.20314735047650556	1.601830683208868	65.66706714358199	0.1965249012663727	6.458810211437377	6.251010602405654	0.07625997576260181	6.771928152606127	2.335518479139058
16	0.2731891939818867	6.302599360484046	0.6349711394312674	1.20927031336537	1.3835283899104098	0.24062375845867776	0.3205361881131406	0.19605972540135308	0.20441363203336527	1.557038191954246	65.9511055069056	0.1953541517078382	6.173536157093574	6.274293073193305	0.07408578871496202	6.797150829292747	2.2122445999581006
17	0.26687706793142885	6.574808446704973	0.6324736706977833	1.1295090101795224	1.3359728026483133	0.24025698492039743	0.31078201954828394	0.19345690170478003	0.20561345863062927	1.5168592257697788	66.20918692097469	0.1943184686080241	5.9045717685356145	6.295485638549701	0.07198133224774914	6.82010944176217	2.0977368405861143
18	0.26101537903199445	6.836762842448923	0.6298218489959192	1.057623590218743	1.290443054275905	0.23982323313654955	0.3013807877865748	0.1908591101701173	0.206751531096296	1.4802630058677995	66.44378482987098	0.1933786876445048	5.651052981779844	6.314744518040243	0.06994594325146854	6.840973227876929	1.9913754285072074
19	0.2555575553599976	7.089169967595871	0.6270323640125522	0.9927974637301544	1.2468732614725373	0.23932857571319732	0.29232513616021044	0.1882712390360277	0.2078320428690686	1.44660096591877	66.65689668821541	0.19251139458645897	5.412143180033207	6.332209218984597	0.06797867947571717	6.859893320566645	1.892578946269541
20	0.2504663163167985	7.332687522804551	0.6241202483109916	0.9342992987740603	1.2051962983656712	0.23877849975342835	0.28360700294443403	0.1856975408004066	0.20885878924808607	1.4154425164014373	66.85020954956492	0.19170204550881062	5.187038955522674	6.34800607956719	0.0660784025273977	6.877006586197788	1.8008043473913589
21	0.24571046586181844	7.56792674779744	0.6210991533451146	0.8814748280715122	1.165344789099592	0.2381780053371985	0.27521785623703	0.18314174005689274	0.20983523742129895	1.3864836061341055	67.02519553975404	0.1909411462184763	4.974972644075867	6.362250548052662	0.06424383165240505	6.8924380937237215	1.7155457671608623
22	0.2412630337605579	7.795455571559022	0.617981539913945	0.833739056876984	1.1272517416496375	0.2375316731650257	0.2671488517915214	0.18060710901277935	0.21076457393925932	1.3594956052126395	67.18316819951312	0.19022212523535184	4.77521306310396	6.37504873439527	0.062473580442269805	6.906302795594879	1.6363327448337623
23	0.23710017065668745	8.015801609411124	0.6147788179737279	0.7905690519940741	1.0908509683811543	0.23684371398665446	0.2593909446429439	0.17809652370625695	0.21164973893581304	1.3342965419000787	67.32531686715906	0.1895401448574719	4.587065250814316	6.386498533609989	0.06076618327751966	6.918706744744158	1.5627281939489497
24	0.23320046749065823	8.229454988076569	0.6115014554348984	0.7514973717097589	1.0560773756475623	0.23611800690576784	0.2519349719773722	0.17561250825769098	0.2124934523151235	1.3107347507294254	67.45272862882203	0.18889143233180472	4.409869653421761	6.396690488957271	0.05912011536176534	6.929748029703712	1.4943263028568026
25	0.22954451628226724	8.436870993980225	0.6081590670831738	0.7161061342980913	1.0228671695608569	0.2353581305821018	0.24477171725017052	0.1731572713329354	0.2132982348591363	1.288679427889641	67.56640313322163	0.1882728998249356	4.243001012042295	6.4057084901139465	0.057533808555665415	6.939517530956772	1.4307504621661193
26	0.22611461039627295	8.638472547540443	0.6047604900409456	0.6840216923223346	0.9911580054394089	0.23456738964453042	0.2378919614022509	0.17073273723874288	0.21406642594987305	1.2680150454366206	67.66726322546627	0.1876819251446623	4.085867092255382	6.413630360969895	0.05600566430215524	6.948099557717382	1.3716512687328062
27	0.22289452733692428	8.834652510048132	0.6013138495473966	0.6549098666388783	0.9608890974198105	0.2337488376751749	0.2312865246917567	0.168340573087242	0.21480019889810512	1.248637934388364	67.75616305623298	0.1871162222849151	3.9379073385087033	6.420528369070402	0.054534064419518274	6.955572399826266	1.3167046299253706
28	0.21986936202873356	9.025775831560424	0.5978266173540111	0.6284716897465685	0.9320012984812774	0.23290529758919207	0.22494630133896784	0.16598221291303245	0.21550157447575535	1.2304540985292165	67.83389460248146	0.18657376246990856	3.7985915013058915	6.426469676032932	0.05311738024769432	6.962008815702341	1.2656099777425533
29	0.21702539237552207	9.212181548964095	0.5943056641921771	0.6044396085302381	0.9044371575523622	0.2320393799315934	0.2188622884256247	0.16365887931168024	0.21617243302645645	1.2133777368942347	67.9011931355152	0.18605272386255745	3.6674182656672243	6.431516741086362	0.05175398046639401	6.967476469510228	1.2180885946880056
30	0.21434996659241037	9.394184643493757	0.5907573072866029	0.5825740991273347	0.8781409582758215	0.23115349943823865	0.21302561004745713	0.16137160298649295	0.21681452540101137	1.1973301833981977	67.95874194897517	0.1855514577842982	3.5439138981511227	6.43572768576414	0.05044223780613873	6.972038326244486	1.1738820492272657
31	0.21183140611094142	9.572077766800131	0.5871873536047011	0.5626606503121683	0.8530587427473358	0.23024989010601796	0.20742753745257933	0.1591212404828414	0.2174294828899427	1.182239099846358	68.00717653426868	0.1850684646564714	3.427630923148123	6.439156625376138	0.049180534814802876	6.975753010824152	1.1327507365585159
32	0.2094589202793444	9.746132844309273	0.5836011393604392	0.5445070757591205	0.8291383227561183	0.2293306189555593	0.20205950573206638	0.15690849032347795	0.2180188262805583	1.1680378294942761	68.04708832030767	0.18460237584682698	3.3181468351984313	6.44185397143643	0.047967268805697474	6.978675135722803	1.0944725194318177
33	0.20722253045533123	9.916602564188109	0.5800035661831555	0.5279411194521508	0.8063292805389911	0.22839759863109088	0.19691312751993034	0.15473390771631396	0.21858397413807892	1.154664857788513	68.0790280540791	0.184151939255767	3.21506285161156	6.443866708320408	0.04680085608931568	6.980855600680448	1.0588414633516714
34	0.20511300188251438	10.083721759758948	0.576399134289866	0.5128083222217832	0.7845829607017795	0.2274525989563984	0.1919802040838843	0.15259791797768413	0.21912625039204658	1.1420633489612342	68.10350887506048	0.18371600739601548	3.118002708075362	6.445238646828851	0.045679735574247024	6.982341867397924	1.0256666604409612
35	0.20312178220870197	10.247708692745256	0.5727919729494437	0.49897012078339764	0.7638524547001301	0.22649725754797498	0.187252734132735	0.1505008287939684	0.21964689129663326	1.130180739524768	68.1210091224744	0.1832935272327626	3.026611498854095	6.446010656925433	0.044602371810621586	6.98317821166922	0.9947711363504781
36	0.20124094578884544	10.408766244269419	0.5691858684895431	0.48630215374606245	0.7440925790701769	0.22553308957317564	0.1827229206231734	0.14844284142911635	0.22014705182417937	1.1189683767256624	68.13197490567222	0.18288353133995708	2.940554562414369	6.446220881610358	0.04356725754002129	6.983405955077886	0.9659908348058407
37	0.19946314309583804	10.567083020079789	0.5655842900678154	0.474692751848303	0.7252598484371096	0.2245614967308222	0.17838317581387364	0.1464240609734527	0.22062781154411426	1.1083811940467092	68.13682246228247	0.18248513009218126	2.8595164127582313	6.44590493365702	0.04257291580816643	6.983063678128434	0.9391736746357133
38	0.19778155468291958	10.722834376056568	0.5619904134048574	0.4640415921777402	0.7073124441952005	0.2235837755232202	0.1742261247856846	0.14444450571904488	0.2210901800335752	1.0983774182082287	68.135940324868	0.18209750470579728	2.7831997163257856	6.445096076746783	0.041617901690300906	6.982187416475676	0.9141786744006596
39	0.19618984922607882	10.876183369653475	0.558407142656299	0.4542584983492415	0.6902101796379629	0.2226011248815035	0.17024460762178786	0.14250411573842792	0.22153510186122505	1.0889183035436225	68.12969131403139	0.1817199009984089	2.7113243139950858	6.44382539237814	0.04070080367373978	6.980810841742982	0.8908751400106872
40	0.1946821452387853	11.027281642543278	0.5548371305837442	0.4452623706161072	0.6739144622184924	0.22161465320000998	0.16643168041996037	0.14060276073595418	0.22196346118153804	1.0799678905225671	68.11841437371314	0.18135162376930913	2.6436262874628427	6.442121933786957	0.03982024473725587	6.978965428269199	0.8691419110009344
41	0.193252976100996	11.176270239383825	0.5512827971690695	0.4369802316501357	0.6583882535336458	0.22062538483006341	0.162780615290034	0.1387402472345304	0.22237608597320965	1.0714927857845893	68.10242626269275	0.18099203172472092	2.57985706908502	6.440012867994991	0.038974883162789034	6.9766806069945675	0.848866661395172
42	0.19189725808543165	11.323280367280216	0.5477463468028978	0.4293463753091216	0.6435960275499306	0.21963426607873807	0.15928489947269908	0.13691632515462512	0.22277375195209298	1.0634619614598746	68.08202311482943	0.18064053288571894	2.5197825941056897	6.437523606996557	0.03816341311121377	6.973983907579598	0.829945251346241
43	0.1906102610983501	11.468434100206707	0.5442297841660151	0.42230160710559117	0.6295037275222963	0.21864217075396752	0.15593823370082205	0.13513069383724388	0.22315718618622077	1.0558465718579513	68.05748187933551	0.18029658042653995	2.463182494081121	6.434677928998867	0.037384564990585505	6.970901089748768	0.8122811259835172
44	0.18938758188180602	11.611845032353559	0.5407349289115807	0.41579256634084666	0.6160787219979934	0.21764990529353764	0.152734529911018	0.13338300755785845	0.2235270704378888	1.0486197858429136	68.02906165127581	0.1799596688983109	2.409849330218383	6.431498090546337	0.036637105642299744	6.967456264758527	0.7957847581314
45	0.1882251194502225	11.753618884088148	0.5372634292462489	0.40977112097463797	0.6032897602455375	0.21665821351210052	0.1496679084012733	0.13167288057406462	0.22388404425548675	1.0417566334062482	67.99700490152553	0.17962933079891838	2.3595878652822266	6.428004930283141	0.03591983836793595	6.963672007806734	0.780373131781625
46	0.18711905255698863	11.893854063959933	0.5338167744994957	0.40419382728732695	0.5911069274026566	0.21566778099726508	0.14673269451970333	0.12999989174592547	0.22422870783568521	1.0352338651102613	67.96153861455643	0.17930513345437807	2.312214372680506	6.424217965039622	0.03523160281716346	6.959569462126254	0.7659692634105196
47	0.18606581900706998	12.032642189936476	0.5303963067625208	0.39902144726736705	0.5795015995962979	0.21467923918304693	0.1439234149599674	0.12836358876451295	0.22456162467472812	1.0290298232138995	67.92287534165331	0.17898667618095376	2.267555981311682	6.420155478866466	0.03457127475493952	6.955168435438667	0.7525017584281837
48	0.1850620966496754	12.17006857283235	0.5270032316709332	0.39421851743512865	0.5684463992516521	0.213693169126464	0.14123479373030426	0.1267634920210526	0.2248833240258989	1.0231243234136886	67.88121417647396	0.178673587700603	2.2254500547451097	6.4158346055849105	0.033937765724303015	6.95048748938365	0.739904400230438
49	0.1841047859011925	12.30621266468141	0.523638628398947	0.3897529635071925	0.557915150775238	0.21271010501079926	0.13866174785548405	0.1251990981462494	0.22519430317871267	1.0174985462393131	67.836741659242	0.17836552378523118	2.1857436033048905	6.411271405370934	0.03333002261933367	6.945544022485179	0.728115769497973
50	0.18319099366311556	12.44114847460524	0.5203034589269288	0.38559575592227213	0.5478828367689274	0.2117305373969995	0.13619938286410951	0.12366988324681066	0.22549502957401021	1.0121349372382815	67.78963261530288	0.17806216510779552	2.148292727638829	6.406480935845729	0.03274702718128715	6.940354347166207	0.7170788915506371
51	0.18231801851257712	12.574944954549343	0.5169985766388638	0.38172060179500467	0.5383255549068762	0.21075491624284082	0.13384298810757397	0.12217530586387647	0.22578594276789998	1.0070171151679905	67.74005093326812	0.177763215280542	2.112962092370157	6.401477318103983	0.03218779542952186	6.934933761279315	0.7067409097155744
52	0.18148333705489758	12.707666357084241	0.5137247343014268	0.3781036693552435	0.5292204755855163	0.20978365370778645	0.13158803195147276	0.12071480967593431	0.22606745625635494	1.0021297874899404	67.68815028751122	0.1774683990626898	2.0796244284583327	6.396273798073663	0.031651377037567596	6.929296614579799	0.6970527828139736
53	0.18068459133773856	12.839372567316412	0.5104825914721058	0.37472334135580254	0.5205458004372675	0.2088171267599935	0.12943015687538037	0.11928782596693795	0.22633995917128824	0.9974586725266185	67.63407480937687	0.17717746072163415	2.048160062918603	6.390882803568362	0.031136854663568365	6.923456370532388	0.6879690049990803
54	0.179919577236327	12.97011941079605	0.5072727213796566	0.37155999432860315	0.5122807217819687	0.20785567960046253	0.12736517451246912	0.11789377587852233	0.2266038178579604	0.9929904277050928	67.57795971107058	0.1768901625333637	2.018456474595111	6.3853159973610065	0.03064334324329516	6.917425663807754	0.6794473463118407
55	0.17918623372715697	13.099958939181358	0.5040956173167748	0.3685958008996424	0.5044053830749013	0.2068996259181529	0.12538906065656402	0.11653207246371639	0.22685937734278633	0.9887125833628673	67.51993186587691	0.17660628340921727	1.9904078747100529	6.379584326581667	0.030169989253031926	6.911216353796804	0.671448612428473
56	0.17848263297555103	13.228939695285735	0.5009516985814777	0.36581455268490676	0.49690084039732385	0.2059492509887011	0.1234979502606822	0.11520212255806354	0.22710696269982414	0.9846134816422455	67.46011034803593	0.17632561763734284	1.9639148109571192	6.3736980687160685	0.029715969948802837	6.9048395744424065	0.6639364221879231
57	0.17780697116925015	13.35710695901496	0.49784131600070164	0.36320150156037756	0.48974902502418366	0.20500481362834058	0.1216881324479849	0.11390332848274448	0.22734688032353817	0.9806822200435379	67.39860693532627	0.17604797372842296	1.9388837939510195	6.367666874458462	0.029280492587673426	6.898305780663332	0.6568770015892819
58	0.17715756003628821	13.484502975594955	0.4947647570669818	0.36074321733680514	0.4829327070935244	0.20406654801370597	0.11995604555326628	0.1126350895931325	0.22757941911481874	0.9769085992461903	67.3355265771579	0.1757731733562115	1.9152269448839216	6.3614998076522635	0.028862793636198213	6.891624791623284	0.6502389930406323
59	0.1765328189911034	13.611167167385021	0.49172225071653963	0.35842746008776816	0.4764354603936537	0.20313466537732103	0.11829827221060404	0.1113968036850921	0.22780485158665725	0.973283074843512	67.27096783073924	0.17550105038436856	1.8928616632877227	6.355205382532401	0.02846213797048741	6.884805831076765	0.6439932787318194
60	0.17593126785784782	13.737136330477242	0.48871397177486253	0.3562430655695631	0.4702416282766409	0.20220935558779055	0.11671153450057335	0.1101878682703401	0.22802343489536	0.9697967126687016	67.20502326767642	0.17523144997190312	1.8717103138448126	6.348791598466146	0.02807781807183173	6.877857565004989	0.6381128170850586
61	0.1753515201243349	13.86244481719634	0.4857400450938429	0.3541798423398559	0.4643362907001015	0.20129078862301772	0.11519268916842924	0.10900768173129516	0.2282354118027204	0.9664411474185316	67.13777985317377	0.17496422775026155	1.8516999312320483	6.3422659723738235	0.02770915322134299	6.870788136738307	0.6325724913120624
62	0.17479227668432862	13.987124705528442	0.48280054940257267	0.35222847933651963	0.45870523239401634	0.2003791159440833	0.1137387229229204	0.1078556443649741	0.22844101157411845	0.9632085443082447	67.0693192998235	0.17469924906578863	1.8327619420320262	6.335635568995707	0.027355488696637367	6.86360519974535	0.62734896918086
63	0.17425232002938254	14.111205956437065	0.4798955208922969	0.35038046280810436	0.4533349121440849	0.19947447177687141	0.11234674782378797	0.10673115932477965	0.22864045081715162	0.9600915635136156	66.99971839782437	0.1744363882818542	1.8148319027817157	6.328907029159306	0.027016194973199185	6.856315948255913	0.6224205731565904
64	0.17373050885500407	14.23471655994876	0.47702495655433297	0.3486280016115017	0.4482124331795582	0.19857697430793833	0.11101399676464431	0.10563363346828009	0.2288339342650145	0.9570833271788382	66.92904932331406	0.17417552813550463	1.7978492532784134	6.322086596188307	0.02669066693271737	6.848927145870663	0.6177671601465693
65	0.1732257730488875	14.357682670827892	0.4741888172883722	0.3469639599971621	0.44332551464991576	0.1976867268006393	0.10973781905667872	0.10456247811846112	0.2290216555085282	0.9541773887877799	66.85737992637146	0.17391655914397175	1.7817570843018862	6.315180140583901	0.026378323080375708	6.841445152299221	0.613370010134989
66	0.172737109031612	14.48012873460233	0.47138703079732214	0.3453817970953196	0.4386624641715362	0.19680381863709223	0.10851567611750036	0.1035171097453675	0.22920379768043256	0.9513677047130645	66.78477400013031	0.17365937905679016	1.7665019189479885	6.308193183099643	0.026078604772794108	6.833875948357941	0.6092117230430608
67	0.17226357542296122	14.602077604639007	0.4686194942834837	0.3438755124056399	0.4342121514241018	0.19592832629108442	0.1073451372685779	0.10249695057446195	0.229380534095246	0.9486486077749051	66.71129153232079	0.1734038923497021	1.7520335068187363	6.30113091632067	0.025790975458085518	6.826225159347383	0.6052761232052766
68	0.17180428900893652	14.723550650926015	0.465886076959962	0.3424395966625458	0.42996398277283515	0.1950603142367217	0.10622387564363492	0.10150142912759791	0.22955202884779555	0.9460147826538499	66.63698894047424	0.17315000975683476	1.7383046303364191	6.293998224851315	0.025514919929229295	6.818498076922251	0.601548170889946
69	0.17135842098699897	14.84456786115895	0.46318662238994746	0.34106898752096854	0.42590787689334536	0.19419983579717776	0.10514966420995107	0.10052998070198937	0.22971843737323075	0.9434612430171105	66.56191929191118	0.17289764783800327	1.7252709225044884	6.286799704205621	0.025249943591823098	6.810699679556081	0.5980138803432609
70	0.1709251934686066	14.965147934694187	0.46052095066577187	0.33975902956251697	0.42203424137261414	0.19334693393765293	0.10412037190354105	0.09958204779219322	0.22987990697117405	0.9409833102279289	66.48613250956691	0.17264672857823737	1.7128906954572332	6.279539678489724	0.02499557174704141	6.802834651697191	0.5946602438675935
71	0.1705038762200762	15.085308369883203	0.4578888604386286	0.338505438178891	0.4183339502600695	0.19250164200629843	0.10313395987880261	0.09865708045969367	0.23003657729642682	0.9385765935197751	66.40967556461666	0.17239717901692161	1.7011247791860584	6.272222216957403	0.024751348890503642	6.794907401703844	0.5914751614868489
72	0.17009378362406913	15.205065545272006	0.4552901308092223	0.33730426693236304	0.41479832254079924	0.1916639844266477	0.10218847787256173	0.09775453665438426	0.23018858081851423	0.9362369715252535	66.33259265680623	0.17214893090413577	1.6899363698504861	6.264851149515462	0.024516838027590727	6.786922078641739	0.5884473757786733
73	0.16969427184579455	15.324434795103699	0.45272452308865013	0.3361518780414259	0.41141910150404326	0.1908339773447627	0.10128206068219368	0.09687388249183593	0.2303360432521315	0.93396057506084	66.25492538330708	0.1719019203820433	1.6792908871295673	6.257430081248231	0.02429162000565085	6.778882588018905	0.5855664114932878
74	0.1693047361888978	15.443430479540774	0.4501917824383946	0.3350449156709665	0.4081884349781194	0.19001162923415843	0.10041292475690006	0.09601459249002942	0.230479083960462	0.931743771074146	66.17671289687782	0.17165608768931329	1.6691558400815303	6.249962406027478	0.024075292863392193	6.770792606529757	0.5828225195979926
75	0.16892460862750275	15.562066049984827	0.44769163939749057	0.33398028174491134	0.4050988564041454	0.1891969414612869	0.09957936490105503	0.09517614976888479	0.2306178163331532	0.9295831476698165	66.09799205403934	0.1714113768867765	1.6595007010217195	6.242451319267718	0.023867471197685425	6.762655595873351	0.5802066254204723
76	0.16855335550182987	15.680354109846254	0.44522381130442357	0.3329551140271718	0.4021432667205827	0.18838990881418627	0.09877975108821166	0.09435804621569398	0.23075234814062406	0.9274755001361283	66.018797553927	0.17116773560265736	1.6502967869514344	6.2348998298832266	0.023667785547907223	6.754474815706817	0.5777102805860005
77	0.16819047536565668	15.798306471094659	0.442788003620878	0.3319667662418816	0.39931491702995836	0.18759051999675144	0.09801252538399406	0.09355978261935324	0.23088278186627925	0.925417817899737	65.93916206844342	0.1709251147958485	1.6415171480893442	6.22731077149975	0.023475881797858214	6.746253335791384	0.5753256184633692
78	0.1678354969750908	15.915934206887814	0.44038391116376435	0.33101279003174483	0.3966073920210104	0.18679875809084315	0.09727619897612501	0.09278086877601444	0.23100921501805077	0.9234072723434824	65.85911636427467	0.1706834685358612	1.6331364630962635	6.21968681296875	0.023291420595258384	6.737994047382801	0.5730453128625905
79	0.16748797740863183	16.03324770056378	0.438011219251706	0.33009091857040646	0.3940145941182121	0.1860146009883678	0.09656934930943692	0.0920208235686374	0.2311317404206344	0.9214412054253881	65.77868941730948	0.17044275379816481	1.6251309405927337	6.212030468230124	0.023114076788726304	6.729699673915957	0.570862539739734
80	0.1671475003094782	16.150256691253713	0.43566960477159744	0.3291990516666835	0.3915307283322808	0.18523802179526475	0.09589061732374617	0.09127917502269543	0.2312504464896591	0.9195171190430773	65.69790851995245	0.1702029302737595	1.6174782266018661	6.2043441055651884	0.022943538882125466	6.721372781028942	0.5687709416876024
81	0.16681367424158788	16.26697031635768	0.43335873717054774	0.32833524221378757	0.3891502877849966	0.1844689892092339	0.09523870479224049	0.09055546034014125	0.23136541748896366	0.9176326650913176	65.61679938179385	0.16996396019190965	1.6101573175644566	6.196629956279377	0.022779508506096648	6.7130157859693105	0.5667645950046304
82	0.16648613115167976	16.38339715110679	0.43107827937813137	0.3274976838522692	0.3868680398824865	0.1837074678729029	0.09461237175798305	0.08984922591357444	0.2314767337720667	0.9157856361646011	65.53538622406593	0.16972580815505606	1.6031484785956769	6.188890122851298	0.022621699906564416	6.704630966422223	0.5648379791508809
83	0.166164524929989	16.49954524541752	0.4288278886635043	0.3266846997295423	0.3846790131119883	0.18295341870400708	0.09401043406610333	0.08916002732239589	0.23158447200883522	0.9139739568605912	65.45369186828215	0.1694884409850127	1.5964331666739102	6.181126586581983	0.02246983944997894	6.696220468797132	0.5629859484154539
84	0.16584853006300643	16.615422158231883	0.4266072174317136	0.32589473224955917	0.3825784844369866	0.18220679920407667	0.09343176098908014	0.08848742931262134	0.23168870539830727	0.9121956756428574	65.37173781943638	0.16925182757961052	1.5899939584643432	6.173341214776547	0.022323665145006135	6.687786316007912	0.5612037056302064
85	0.16553784037207273	16.7310349895194	0.42441591396313744	0.32512633371865557	0.38056196726726266	0.1814675637469912	0.09287527294263972	0.08783100576187333	0.23178950386853606	0.9104489572252926	65.28954434410421	0.16901593877903603	1.5838144825046754	6.165535767487488	0.022182926180382673	6.679330414778097	0.5594867777803527
86	0.1652321678320139	16.84639041010706	0.42225362309981634	0.3243781578017907	0.3786251999801707	0.18073566384869952	0.0923399392896313	0.08719033963097922	0.2318869342642856	0.9087320754425825	65.20713054377379	0.16878074724115902	1.5778793554895283	6.157711903847589	0.02204738247860741	6.670854562501539	0.5578309933708557
87	0.16493124146446114	16.961494689490873	0.4201199868821642	0.3236489517124505	0.3767641349703663	0.18001104841931287	0.09182477622926541	0.08656502290348765	0.2319810605233471	0.9070434065738971	65.12451442370919	0.1685462273251994	1.5721741224071784	6.1498711880184	0.021916804265130273	6.662360453686585	0.5562324614188281
88	0.16463480630095928	17.076353721768733	0.41801464513925807	0.3229375490681353	0.37497492820650674	0.17929366399867466	0.09132884476919882	0.0859546565143015	0.2320719438421812	0.9053814230899088	65.04171295762379	0.16831235498314698	1.566685200301196	6.142015094778042	0.02179097165270323	6.653849686009529	0.5546875519538538
89	0.16434262241120945	17.190973049827818	0.4159372360357749	0.3222428633488121	0.373253929273324	0.17858345497646982	0.09085124877783521	0.08535885026855632	0.23215964283156246	0.9037446877945889	64.95874214843114	0.1680791076583789	1.5613998254366561	6.13414501477118	0.02166967424052581	6.645323766002096	0.5531928779141823
90	0.16405446399215873	17.305357887908343	0.4138873965784054	0.3215638819027077	0.3715976718784912	0.1778803637978523	0.09039113311427395	0.08477722275177507	0.23224421366285156	0.9021318483356822	64.87561708531791	0.1678464641909682	1.5563060036663774	6.126262259442233	0.02155271072781633	6.636784114395735	0.551745278336504
91	0.1637701185139779	17.41951314265647	0.41186476308437836	0.32089966044935986	0.3700028648045646	0.17718433115550253	0.08994768183339816	0.08420940123224921	0.23232571020547466	0.9005416320596489	64.79235199736851	0.1676144047292165	1.551392463805589	6.118368065671407	0.021439888541440702	6.628232071144009	0.5503418027449014
92	0.16348938591918918	17.533443432772273	0.40986897161459374	0.32024931803433515	0.36846638328653736	0.1764952961689802	0.08952011646355189	0.08365502155653134	0.2324041841561628	0.8989728411882728	64.70896030395771	0.16738291064697475	1.5466486138318978	6.110463600132192	0.021331023477213083	6.619668900143191	0.5489796966504992
93	0.16321207787153588	17.647153107348924	0.4078996583736387	0.319612032395267	0.36698526079689703	0.1758131965521607	0.08910769435440427	0.08311372803883982	0.2324796851604525	0.8974243482962316	64.62545466210942	0.16715196446636094	1.5420644997429456	6.102549963387244	0.021225939354500338	6.611095793669498	0.5476563880818066
94	0.16293801705138874	17.760646262994143	0.40595646007887304	0.3189870357020444	0.3655566812204575	0.17513796876951063	0.08870970709262324	0.08258517334514917	0.23255226092692843	0.8958950920699602	64.54184701100984	0.16692154978549004	1.5376307669106306	6.09462819373887	0.02112446768376328	6.602513876550429	0.5463694750700386
95	0.16266703649456402	17.87392675982068	0.4040390143006539	0.31837361063739045	0.3641779714002536	0.17446954818192809	0.08832547898264731	0.08206901837261076	0.23262195733467353	0.8943840733289843	64.4581486138582	0.16669165121088472	1.5333386237747022	6.086699270849882	0.021026447346582454	6.5939242100873585	0.5451167140181211
96	0.16239897897197977	17.98699823637845	0.4021469597754855	0.31777108678894334	0.3628465940405292	0.17380786918275726	0.08795436559075906	0.08156493212498964	0.2326888185343096	0.892890351293941	64.37437009720628	0.16646225429424305	1.5291798077458667	6.078764119147686	0.020931724287905035	6.585327795743314	0.5438960088927058
97	0.16213369640738315	18.099864123605467	0.400279936693957	0.31717883732459756	0.36156014094882183	0.17315286532463406	0.08759575234975162	0.08107259158466483	0.23275288704305128	0.8914130400844873	64.29052148795125	0.16623334547327134	1.525146553175011	6.070823611025924	0.02084015122004707	6.576725578611408	0.5427054011764294
98	0.16187104933081398	18.2125276578622	0.398437586965076	0.3165962759270959	0.36031632660309193	0.17250446943771408	0.08724905322221847	0.08059168158175428	0.23281420383412132	0.8899513054329515	64.20661224812046	0.16600491201630968	1.5212315612689822	6.0628785698554415	0.020751587338134956	6.568118450676719	0.5415430605270647
99	0.1616109063654573	18.324991893114085	0.3966195544585867	0.3160228539651087	0.3591129820281501	0.1718626137398436	0.08691370942007486	0.08012189466083468	0.23287280842088673	0.8885043615994564	64.12265130758803	0.16577694197048948	1.5174279718301749	6.0549297728166875	0.02066589804657256	6.559507253884739	0.540407276090985
100	0.1613531437458424	18.437259712318493	0.3948254852266943	0.31545805788100834	0.3579480489681388	0.17122722993916303	0.0865891881783737	0.07966293094572675	0.23292873893602625	0.8870714684761346	64.03864709484537	0.16554942411319415	1.5137293367131222	6.0469779535640615	0.020582954696211117	6.550892783027729	0.539296448424876
