	bound	free	lytic	translocate
0	0.0	1.0	0.0	0.0
1	0.11327031266748509	0.8650222931107395	0.00024295884233166214	0.021464435379441874
2	0.177602284490363	0.7482635675785626	0.001711966550595096	0.07242218138047754
3	0.20959776808923458	0.6472646670780333	0.0051072413339485565	0.13803032349878128
4	0.22064813057702387	0.5598983665653992	0.01073766886707491	0.20871583399049917
5	0.21851973790078852	0.4843245689553589	0.01866306745533396	0.27849262568851524
6	0.20846336219612732	0.418951549247634	0.028790638781842254	0.3437944497743924
7	0.1939896260222627	0.3624024298324855	0.04093969506102437	0.40266824908422294
8	0.1774102869165254	0.313486180882598	0.054884502520616676	0.45421902968025446
9	0.1602154369774472	0.27117253504559125	0.07038210181747263	0.4982299261594832
10	0.14333580580760236	0.2345702880937881	0.08718987932697998	0.5349040267716214
11	0.1273246828538872	0.20290852850253555	0.10507620302692054	0.564690585616649
12	0.11248366968646267	0.17552040061699006	0.12382641593967272	0.5881695137568668
13	0.09894923571717155	0.15182905942942498	0.1432457674843813	0.6059759373690152
14	0.08675196978011235	0.13133552114848926	0.16316036641976359	0.618752142651628
15	0.07585685359063292	0.11360815367075942	0.1834168936056823	0.627118099132919
16	0.06619038069266195	0.09827358560435862	0.20388157315908662	0.6316544605438864
17	0.05765858940387867	0.08500884237169758	0.22443873486868782	0.6328938333557298
18	0.05015884794191425	0.07353454376305464	0.244989186625898	0.6313174216691249
19	0.043587368011063395	0.06360901966877106	0.2654485374763003	0.6273550748438563
20	0.03784381980418389	0.05502322005640594	0.2857455587378949	0.6213874014015051
21	0.03283399947089038	0.04759631198752983	0.3058206348040906	0.613749053737478
22	0.028471205429883788	0.0411718709390698	0.3256243313952706	0.6047325922357643
23	0.024676774407988714	0.03561458621137504	0.3451160934057348	0.59459254597489
24	0.021380085057833464	0.030807411032758206	0.3642630745107502	0.5835494293986471
25	0.018518237692290194	0.02664909733636561	0.38303909454275104	0.5717935704285817
26	0.01603554992405293	0.023052063287235657	0.40142371706365876	0.5594886697250403
27	0.013882960590419087	0.019940548645660385	0.4194014376865276	0.5467750530773808
28	0.012017401812417412	0.01724901911535694	0.4369609729399497	0.5337726061322632
29	0.010401176857247809	0.014920786069078767	0.45409463941662565	0.5205833976570355
30	0.009001366475903105	0.012906812580490175	0.47079781332786746	0.507294007615728
31	0.007789276359782072	0.011164680615127412	0.4870684612138364	0.49397758181124246
32	0.006739931755550583	0.009657697627547404	0.5029067333127571	0.48069563730413356
33	0.005831621019471962	0.008354123747952327	0.5183146118917319	0.4674996433408325
34	0.005045487231889545	0.0072265032813856106	0.5332956076371692	0.45443240184954453
35	0.00436516541008556	0.006251086439636552	0.5478544979636912	0.4415292501865753
36	0.0037764619942280116	0.005407329126448253	0.5619971018099323	0.42881910706938076
37	0.003267072889396385	0.004677460240565338	0.5757300861393084	0.41632538073071895
38	0.00282633625754991	0.004046107383229031	0.5890607999512131	0.40406675640799683
39	0.002445016351708707	0.0034999730868136834	0.6019971321338673	0.39205787842759965
40	0.002115114893142223	0.0030275547453824025	0.614547389957401	0.38030994040406313
41	0.0018297067594494852	0.0026189023483694064	0.6267201954187355	0.3688311954734333
42	0.001582797043438677	0.0022654089148202478	0.6385243970131771	0.3576273970285511
43	0.0013691968381465372	0.0019596292143315547	0.649968994826317	0.3467021791211917
44	0.0011844153890483604	0.0016951229566293205	0.6610630771184454	0.3360573845358635
45	0.0010245665227938182	0.0014663191470496296	0.6718157668167964	0.3256933475133466
46	0.0008862875088010711	0.0012683987510145663	0.6822361765427474	0.3156091371974235
47	0.0007666687341176477	0.0010971931961821994	0.6923333709852643	0.3058027670844225
48	0.0006631927731805733	0.0009490965745477018	0.7021163355919531	0.29627137506030476
49	0.0005736816133115479	0.0008209896952991859	0.7115939506879887	0.2870113780033864
50	0.0004962509554557618	0.000710174388848923	0.720774970253683	0.27801860440199816
51	0.00042927064945922163	0.0006143166783508195	0.7296680046959196	0.2692884079762558
52	0.00037133044592039464	0.0005313976218041442	0.738281507039175	0.26081576489308633
53	0.00032121035405071105	0.0004596707893668991	0.7466237620401941	0.2525953568163739
54	0.00027785498881698723	0.00039762548029421946	0.7547028777982775	0.24462164173259654
55	0.00024035137238179088	0.00034395490476394984	0.7625267794918058	0.23688891423103392
56	0.00020790972604655647	0.00029752866044567436	0.7701032049224553	0.22939135669103752
57	0.00017984685077625923	0.0002573689241254508	0.7774397015925061	0.22212308263257718
58	0.00015557174810702215	0.00022262985692146894	0.7845436250785973	0.2150781733163593
59	0.00013457317990246562	0.00019257978934916938	0.7914221384982045	0.20825070853252892
60	0.00011640890583680144	0.00016658581098969043	0.7980822128934554	0.20163479238970297
61	0.00010069637258994261	0.00014410044022212945	0.8045306283814834	0.19522457480568928
62	8.710465908968143e-05	0.00012465009323981915	0.810773975941703	0.1890142693059524
63	7.534750847363442e-05	0.00010782510949159055	0.816818659728727	0.18299816765329274
64	6.51773002358881e-05	9.327112346761426e-05	0.8226708998154678	0.1771706517608136
65	5.637983575651296e-05	8.068160110232957e-05	0.828336735284625	0.17152620327850113
66	4.876982749804326e-05	6.979138359764109e-05	0.8338220275985563	0.16605941119033304
67	4.218699693510348e-05	6.037110267955713e-05	0.8391324641877276	0.16076497771264264
68	3.649269909700905e-05	5.2222349677799787e-05	0.8442735622066945	0.15563772274451537
69	3.1567002661414855e-05	4.5173496670474126e-05	0.8492506724141654	0.1506725870864874
70	2.730616412640734e-05	3.9076081678095544e-05	0.8540689831402181	0.1458646346139621
71	2.3620442886253036e-05	3.3801681779487884e-05	0.8587335243093734	0.14120905356594554
72	2.043221120039555e-05	2.9239208284202005e-05	0.8632491714930777	0.13670115708742261
73	1.7674319261953938e-05	2.5292566999155236e-05	0.8676206499693178	0.13233638314440585
74	1.5288680933924745e-05	2.1878634305101776e-05	0.8718525387706928	0.12811029391405301
75	1.3225050371726548e-05	1.892550641683632e-05	0.8759492747053379	0.12401857473785875
76	1.1439963773085993e-05	1.6370984959529032e-05	0.8799151563377692	0.12005703271348331
77	9.895823959009579e-06	1.4161266950555715e-05	0.8837543479189833	0.11622159499009208
78	8.560108517946822e-06	1.2249811611043836e-05	0.8874708832570992	0.11250830682275724
79	7.40468482931739e-06	1.05963601300624e-05	0.8910686695215049	0.1089133294335214
80	6.40521754239842e-06	9.166087738845808e-06	0.8945514909749125	0.10543293771979186
81	5.540656030589192e-06	7.928870234807781e-06	0.8979230126289302	0.10206351784478998
82	4.792791030299885e-06	6.858649512731824e-06	0.9011867838198089	0.09880156473963353
83	4.145871119224709e-06	5.932884729304334e-06	0.9043462417019257	0.09564367954221117
84	3.5862709648270993e-06	5.132077553393913e-06	0.9074047146572894	0.09258656699417758
85	3.10220434975051e-06	4.439361494208739e-06	0.9103654256200202	0.08962703281412099
86	2.683475931517182e-06	3.8401466599448e-06	0.9132314953152816	0.08676198106211229
87	2.321266511506797e-06	3.321812469642662e-06	0.9160059454125893	0.0839884115084149
88	2.007947286274701e-06	2.8734418399638122e-06	0.9186917015938233	0.08130341701703553
89	1.7369191700009837e-06	2.4855912497548926e-06	0.9212915965365702	0.07870418095299497
90	1.5024738062677103e-06	2.150091842883454e-06	0.923808372813684	0.07618797462065183
91	1.2996733391687023e-06	1.8598773763922166e-06	0.9262446857101827	0.07375215473908682
92	1.1242464137324735e-06	1.6088353934070422e-06	0.9286031059587609	0.07139416095941704
93	9.724982118768138e-07	1.3916784814076561e-06	0.9308861223953608	0.06911151342793098
94	8.412326339747093e-07	1.2038329113102147e-06	0.9330961445363174	0.06690181039812244
95	7.276849825571765e-07	1.041342305486227e-06	0.9352355050787318	0.06476272589396546
96	6.294637326283706e-07	9.007843090484427e-07	0.9373064623257561	0.06269200742618751
97	5.44500161672369e-07	7.791985086345983e-07	0.9393112025385366	0.06068747376277843
98	4.7100477867341575e-07	6.740240808195465e-07	0.9412518422165875	0.05874701275453828
99	4.0742963381178646e-07	5.830458559809524e-07	0.9431304303084038	0.05686857921609149
100	3.5243571621454336e-07	5.043476633497866e-07	0.9449489503540949	0.05505019286251087
