	s1	s10	s11	s12	s13	s14	s15	s16	s17	s2	s3	s4	s5	s6	s7	s8	s9
0	100.0	0.0	0.0	0.0	0.0	0.0	0.0	0.0	0.0	0.0	0.0	0.0	0.0	0.0	0.0	0.0	0.0
1	0.6551548985568858	0.500457747459883	0.6666759651621286	1.469006014581013	2.143164181554479	0.2696396817081171	0.5599090233640863	0.21931623037660708	0.15810572032369666	48.01286284478625	14.556262524385252	0.6708877255766292	12.770143507448134	7.267347035560289	0.19547288959640546	5.7231781194289715	4.1624158901320145
2	0.45428386218857203	1.0641079433553189	0.6708115159167043	1.4297121491191935	2.0802908538530605	0.2700196781705276	0.5177412880610256	0.21756609201977445	0.15981118971054634	35.366040157805685	27.406072816359654	0.7316051535237457	12.624864052451061	7.150186251963512	0.1781744923269596	5.813693797450491	3.865018705725041
3	0.437368121835478	1.593421164242336	0.6733482267639803	1.3892924441458137	2.0162486971584626	0.26978029579621227	0.47872933424995173	0.21538509890914198	0.1611290498446791	26.344664141826204	36.61039175090118	0.6909214493865642	12.456593001802503	7.021890844789225	0.16247839942703554	5.890122722882451	3.5882352560396593
4	0.4195583853141763	2.091304161067917	0.6750968482537899	1.3495083917966828	1.9535831853824506	0.26925161511115897	0.44318425275510426	0.21304346658914772	0.1622500886923685	19.93052456072838	43.224607762820895	0.6531641703269861	12.281058298854566	6.8913801521737845	0.1484188097766412	5.959305197862568	3.3347606524942557
5	0.40545172901744314	2.5604143118145766	0.6761692303335706	1.3105348393717193	1.892521057554761	0.2684796951881526	0.41082411384464057	0.21057826752096245	0.16320009665980434	15.361041858606066	47.99406899491839	0.6257399617266498	12.100369138287443	6.759789930436186	0.1358309283447639	6.022138234670689	3.1028476117050574
6	0.39452409603724137	3.0032501428144274	0.6767215894995844	1.2726401564342067	1.833426483280813	0.2675282965161139	0.3814359522987084	0.2080406292471634	0.16401552264773572	12.10235450251044	51.4476544335791	0.6065336080054616	11.917447655530408	6.6287157080743375	0.12458320161037054	6.079909908218923	2.8912181136958353
7	0.3859414673902662	3.4221619078751195	0.676875295754333	1.2360078651474216	1.7765403255779528	0.26644674163208	0.35480204932376597	0.20546943536533577	0.16472474627434155	9.775829809107343	53.96143642527699	0.5932368632838755	11.734494299907515	6.499336779677922	0.11455012760673906	6.133623795770583	2.6985220650292816
8	0.379059031126083	3.81933946709844	0.6767192984080288	1.200745149159574	1.7219928687076682	0.2652709780496695	0.33070195891349047	0.20289232656509365	0.16534860911821145	8.112360325404502	55.80296104869135	0.5841219954614206	11.55304906237067	6.37245338084333	0.10561208208315438	6.184016535383585	2.5233558826165856
9	0.373411470429821	4.196806652531885	0.6763185734007663	1.166904309723908	1.6698353881294479	0.2640270705027201	0.308919457941622	0.20032866577172864	0.1659023769591122	6.920618920406815	57.16261778730084	0.5779523979536935	11.374166778914123	6.248588534118207	0.09765696054940162	6.231627283989999	2.36431737137678
10	0.36866607918834543	4.55642222847817	0.6757208723595896	1.1344996554490279	1.62006495560969	0.26273398650034424	0.2892474559337554	0.19779189501998	0.1663973099459953	6.064563010647416	58.17593855019735	0.5738491279681108	11.198556275792727	6.128068712657846	0.09058116570757024	6.276853390371635	2.2200453281733172
11	0.3645850055958051	4.899885300989551	0.6749616061838598	1.1035196322380603	1.5726422212065048	0.2614056115527194	0.27149091032141864	0.19529123916817778	0.16684179891632003	5.44745627379095	58.93944431649883	0.5711883216321779	11.02668089805932	6.011082051559056	0.08428995927089253	6.3199906908761925	2.089244162141032
12	0.36099800253321285	5.228743431559493	0.6740673297234347	1.0739354060917858	1.5275039654849574	0.2600521871564355	0.2554683247290887	0.19283292091004103	0.1672421761479304	5.000509503127133	59.52191182328699	0.5695275647985655	10.858830161656622	5.8977197850104535	0.07869738268267389	6.361262257005246	1.9706977780967931
13	0.35778296332477527	5.54440224291199	0.6730582260105561	1.0457069141500572	1.4845719210875703	0.25868133598153853	0.24101229556038894	0.1904210263675512	0.1676032932659244	4.674803575096963	59.97238539988955	0.5685533995626264	10.695170761620748	5.78800569478835	0.07372590868062942	6.400838883348057	1.8632761583535742
14	0.35485206959245663	5.848135708220953	0.6719498776677362	1.0187871154303447	1.443758943271553	0.2572987929360844	0.22796943384645332	0.18805812174069034	0.16792893324731203	4.435544921025984	60.325875506440134	0.5680439881105058	10.535782874106069	5.681917020657887	0.06930593484838031	6.438853690529114	1.7659370683292008
15	0.3521419434731	6.141096568362172	0.6707545297804269	0.9931249606897857	1.4049732960768744	0.2559089263926367	0.21619989182939245	0.18574569236397936	0.16822210407491128	4.257983692976649	60.6074082363057	0.5678425868294924	10.380685968624725	5.579399282910314	0.06537519577228372	6.475412530130897	1.6777245934075096
16	0.3496066438975234	6.424326521798667	0.6694819912844513	0.9686674550021498	1.3681216053750433	0.25451511024635315	0.20557665309016687	0.18348445552796944	0.16848524826837477	4.124512858059048	60.83490356588555	0.5678386971742868	10.229857165377478	5.480376780481327	0.061878144615052304	6.510601405869143	1.597765698048271
17	0.34721267635699404	6.698765983754121	0.6681402802540188	0.9453610802722311	1.333110872849444	0.2531199902855757	0.19598469277863442	0.18127458387029577	0.1687203928215144	4.022603081268608	61.021224641989235	0.5679546498050164	10.083244312307896	5.384760027888283	0.058765335871733076	6.544491781191366	1.525265616435882
18	0.3449354482172981	6.965263272834217	0.666736085119684	0.9231527607581675	1.2998498209996652	0.25172567459354256	0.18732008094041058	0.179115864497462	0.16892925631158637	3.9433374558566716	61.175632098643035	0.5681360880487675	9.940775268836427	5.292450995101457	0.055992830571831444	6.577144368080817	1.459502630589822
19	0.3427567356859324	7.224583168271204	0.6652750968859598	0.9019905109550266	1.268249774484814	0.25033387070338825	0.17948907753755147	0.17700781307097058	0.1691133259977791	3.8803658755548405	61.30482212494278	0.5683451790869176	9.802364532629737	5.203346810293229	0.053521635766673244	6.608611851738673	1.3998226163953775
20	0.340662886867177	7.477414824020342	0.6637622473394844	0.8818238542032731	1.2382252079020803	0.24894598394431333	0.17240724686303427	0.17494975507822527	0.1692739130526008	3.8291646171587366	61.4136617748673	0.5685558089129653	9.667917931333351	5.1173423446113135	0.05131718374265987	6.638940840019117	1.345633580084884
21	0.3386435397905805	7.724379014017394	0.6622018812919377	0.8626040835424046	1.209694065523702	0.2475631885507941	0.1659986153506668	0.17294088409222283	0.16941219245378758	3.7865093029546775	61.50571259181262	0.5687501640115807	9.537335958912026	5.034332016073556	0.04934885588117936	6.668173269202735	1.2964003765389935
22	0.33669070617887564	7.966034777888738	0.6605978818859883	0.8442844115839687	1.182577921336419	0.24618647938718552	0.16019487730599463	0.17098030365454425	0.16952923196374664	3.750099327120029	61.583603962760456	0.568916297294893	9.410516147823579	4.95421103878675	0.04758954810076295	6.696347423074436	1.2516396638544804
23	0.33479811739099175	8.202885455028694	0.6589537620706548	0.826820043558877	1.156802029968143	0.2448167096967947	0.1549346594832872	0.16906705737644842	0.16962601324778676	3.7182907327150105	61.64929885810756	0.5690463986182843	9.287354749228399	4.876876276405467	0.04601527935272621	6.7234986735956115	1.210915184156119
24	0.3329607619425109	8.435384158469128	0.6572727312722374	0.8101681953200903	1.1322953001838125	0.24345461859993617	0.15016284410640843	0.16720015039934133	0.16970344723071787	3.6899082638072023	61.70428099820512	0.5691355796013344	9.167747906203184	4.802226806459218	0.04460484024623406	6.749660017591081	1.1738333803632912
25	0.3311745485533349	8.663938752722814	0.6555577456838021	0.7942880772300535	1.1089902214970486	0.2421008518187541	0.14582994748432132	0.1653785651621625	0.16976238565134	3.6641092090557237	61.7496906093278	0.5691809947611796	9.051592494072286	4.730164296481607	0.043339477150340006	6.7748624789407215	1.1400393444075536
26	0.3294360694581962	8.88891631616623	0.6538115453359139	0.7791408529164116	1.0868227574379974	0.240755976934294	0.14189155891488153	0.1636012725943316	0.16980362955187314	3.6402885308869255	61.786419184494164	0.569181230620452	8.938786694614963	4.660593231505226	0.04220261284693625	6.79913540247277	1.109213133249274
27	0.32774242598802605	9.110647226618951	0.6520366829397379	0.7646895825552941	1.0657322185778226	0.23942049523621872	0.13830782482188705	0.16186724044692963	0.16982793586057476	3.6180096053024347	61.81517881171771	0.5691358610275936	8.829230403583992	4.593421048428905	0.041179594319345494	6.82250668048616	1.0810663620892682
28	0.32609110540899156	9.32942884535003	0.6502355458505321	0.7508991551605094	1.0456611222544543	0.2380948507216684	0.13504298221998906	0.16017543924709318	0.16983602238238543	3.5969559801722704	61.836550619476604	0.5690451387941325	8.722825500894523	4.528558195161051	0.040257468966893965	6.845002923126194	1.0553391048135248
29	0.32447989366744967	9.545528741925576	0.6484103729405802	0.7377362177612875	1.0265550515816817	0.23677943698540907	0.13206494991724838	0.1585248465567238	0.169828571616871	3.5768977241905535	61.85101869967505	0.5689097817314104	8.619476026132318	4.465918142068249	0.03942479180872909	6.866649587669134	1.0317971637725774
30	0.322906807610934	9.759187750225658	0.6465632689377555	0.7251690988952378	1.0083625069209148	0.23547460305218013	0.12934494107246874	0.15691445030621284	0.16980623398935552	3.5576657692370324	61.85899609598506	0.5687308105903474	8.519088299010258	4.405417361618112	0.038671445551773584	6.887471087011169	1.0102294699863827
31	0.321370048846475	9.970622615085405	0.6446962155154063	0.713167733296905	0.9910347627532378	0.23418065786175732	0.12685712788840983	0.15534325107817024	0.16976963033739398	3.5391349510071337	61.86084211699326	0.5685094431227542	8.421570983212025	4.3469752822416705	0.0379884876687366	6.907490872231857	0.9904458208602642
32	0.31986796915077204	10.180028392318183	0.6428110806612578	0.7017035869511413	0.9745257271149215	0.23289787403574477	0.12457833801240717	0.153810263814105	0.16971935400333676	3.5212116837578677	61.85687502861021	0.5682470180506243	8.326835118553674	4.29051422722208	0.037368014076524826	6.926731501421581	0.9722748222464253
33	0.3183990448010016	10.38758060338864	0.6409096265898221	0.6907495846001939	0.9587918069056275	0.2316264910446754	0.12248778242879504	0.15231451908345284	0.16965597259350074	3.5038251627716743	61.84738121602795	0.5679449416900478	8.234794130980765	4.235959345364454	0.03680303872919693	6.945214696984772	0.9555620360162967
34	0.3169618557021283	10.593437290728978	0.638993517264006	0.6802800320775928	0.9437917656079732	0.2303667181565519	0.12056679688309975	0.15085506398657236	0.16958002965757057	3.4869205693835656	61.83262238372032	0.5676046477995035	8.145363816078673	4.183238522397178	0.03628738136856375	6.962961399950005	0.9401682092385832
35	0.3155550723246172	10.797740611083873	0.6370643235460077	0.6702705591383525	0.9294866175628511	0.22911873653165607	0.1187986411761996	0.14943096292009372	0.16949204580886698	3.470455010933319	61.81283990260313	0.5672275739869238	8.05846233541714	4.132282321486294	0.035815580771839835	6.9799918056606645	0.9259678990490382
36	0.3141774432649445	11.000618576497628	0.635123529576325	0.6606980405019912	0.9158394860311255	0.2278827016344403	0.11716828174814896	0.14804129789569936	0.1693925201573289	3.454394089175128	61.788258671532105	0.5668151433918392	7.974010164030659	4.083023874266761	0.035382803801918425	6.996325409490151	0.9128479670046719
37	0.31282778720011784	11.202186343181166	0.63317253698952	0.651540542348182	0.9028155057003967	0.22665874491441496	0.11566223041364701	0.1466851689621539	0.16928193122611518	3.438709737939465	61.759089555886476	0.5663687531937783	7.891930069177486	4.0353988155495975	0.03498477784487763	7.011981035645181	0.9007064638282909
38	0.3115049851909102	11.402547609294384	0.6312126699326052	0.6427772546069259	0.8903817013961844	0.22544697570870217	0.1142683706136029	0.14536169437216098	0.16916073806757806	3.423378446226186	61.7255315312317	0.565889766381609	7.812147059609206	3.9893451871007284	0.03461771984404202	7.0269768722935995	0.889451418130745
39	0.3102079749345516	11.60179578557991	0.6292451792912974	0.6343884319843411	0.8785068826610004	0.2242474828460727	0.11297581233931693	0.14407001068928815	0.1690293811985526	3.4083800787170153	61.687773181237155	0.565379506942287	7.734588339168315	3.94480335263181	0.03427827785104374	7.0413305008150475	0.8789998211138511
40	0.3089357470234103	11.800014862248645	0.6272712458733644	0.6263553479928539	0.8671615617931893	0.22306033585748158	0.11177478514676609	0.14280927284102948	0.16888828330051842	3.393697236298365	61.64599358422557	0.5648392578994834	7.659183268785734	3.9017159304771933	0.033963488696104174	7.05505891752554	0.8692768740156056
41	0.30768734095199207	11.997280349729195	0.6252919840327953	0.6186602421867736	0.8563178602716489	0.22188558632914485	0.11065652240309366	0.14157865410099843	0.1687378500236781	3.3793146332799884	61.60036322365366	0.5642702598114563	7.5858633175525565	3.860027713191612	0.033670732686450135	7.068178558676147	0.8602151711196621
42	0.30646184017805017	12.193660379261022	0.6233084460518342	0.611286256900233	0.8459493969001588	0.22072326951708385	0.10961312597692908	0.14037734601754404	0.1685784709668635	3.365218287796844	61.55104514649292	0.563673708597961	7.514562000505911	3.8196855690008578	0.03339768072096359	7.080705331041373	0.8517537440743115
43	0.3052583706339522	12.389216225042519	0.6213216244090038	0.6042174018050032	0.8360312256301633	0.21957340518177618	0.10863750301363305	0.1392045583102071	0.16841052017807695	3.351395548046894	61.49819513085209	0.5630507573923647	7.445214839728555	3.7806383841605617	0.03314227117898785	7.092654627232852	0.8438376072042227
44	0.3040760980001184	12.58400299998154	0.6193324548203236	0.5974385084445482	0.8265397558017548	0.21843599869424918	0.10772328125286572	0.1380595187373037	0.16823435683422377	3.3378348118279773	61.44196221840681	0.562402516926632	7.37775931412998	3.742836988747662	0.032902678117194877	7.104041346752476	0.8364171525252179
45	0.3029142248505931	12.778070363060632	0.6173418194422842	0.5909351824647172	0.8174526685660806	0.2173110421914504	0.10686472311142234	0.13694147292840778	0.16805032595965996	3.324525231151415	61.38248927617269	0.5617300559448931	7.312134804635362	3.7062340774101403	0.032677279216851145	7.1148799182698825	0.8294475346243891
46	0.30177198911962844	12.971462972670876	0.6153505491510973	0.5846937685555743	0.8087488560002469	0.2161985153870701	0.10605667128658933	0.1358496842032305	0.1678587589375409	3.311456701631201	61.319913203806124	0.5610344028412843	7.248282549987739	3.670784148759393	0.032464636494269936	7.12518431535959	0.8228882758094175
47	0.30064866182906475	13.164221053430259	0.6133594263967845	0.5787013075583434	0.8004083466220366	0.21509838658216543	0.10529448051281044	0.13478343335143247	0.1676599741535671	3.298619696906085	61.254365341361684	0.5603165466961305	7.186145592567108	3.636443431095093	0.03226347165625516	7.134968076421943	0.8167027728601094
48	0.2995435458212247	13.356380750021682	0.6113691871687504	0.5729455063277165	0.7924122533607929	0.21401061335416197	0.10457397545391507	0.13374201844152964	0.1674542774391026	3.286005271329148	61.18597163746746	0.5595774387743161	7.12566873777762	3.6031698286143756	0.03207265161873674	7.144244318314183	0.8108579887161597
49	0.298455973678514	13.54797460624819	0.6093805236183734	0.5674146986535044	0.7847427061021585	0.21293514346726608	0.10389139329530057	0.13272475456728308	0.1672419626679174	3.273604900057712	61.114853033489474	0.5588179934413072	7.066798500843927	3.570922851341329	0.03189116806158851	7.153025754864305	0.8053240356027317
50	0.2973853062233371	13.739031947526644	0.6073940864185237	0.5620978094033187	0.777382790200255	0.21187191568163233	0.10324333855851503	0.1317309735667023	0.1670233122930376	3.2614104798815204	61.04112566961189	0.5580390899608699	7.009483054593231	3.5396635486831425	0.03171812227446732	7.161324713423924	0.8000738416998746
51	0.29633093196214183	13.92957904194506	0.6054104856042908	0.5569843415733358	0.7703165238225088	0.21082086008520923	0.10262676398393547	0.13076002402053244	0.16679859752135084	3.2494143151310877	60.964900965767036	0.5572415729844499	6.953672217081928	3.5093544889920865	0.031552718626304224	7.169153139960401	0.7950830109392126
52	0.295292264465932	14.119639626585995	0.6034302944871633	0.5520643182429991	0.7635287599920945	0.209781899310839	0.10203890883209565	0.12981127049876226	0.16656807925054481	3.2376090608107	60.88628603738305	0.5564262552909357	6.899317347016119	3.4799596405649185	0.031394244330217945	7.176522628720255	0.7903293642182394
53	0.2942687416629902	14.309235041725923	0.6014540507072818	0.5473282670891889	0.757005160477931	0.20875494887068602	0.10147728323370728	0.12888409337021434	0.1663320083173439	3.2259877002916655	60.80538381252951	0.5555939184637948	6.846371316349639	3.4514443400361725	0.031242064383643506	7.1834444300056655	0.7857928224854989
54	0.29325982558369995	14.49838440681803	0.5994822567205212	0.5427672119463258	0.7507321793680746	0.207739917526806	0.10093964724272944	0.1279778891917709	0.16609062552837023	3.2145435375746807	60.72229305153909	0.554745312948367	6.794788527354658	3.423775292689317	0.031095614365068074	7.189929449675486	0.7814552539278545
55	0.29226500005414946	14.687104947652458	0.5975153832747394	0.5383726226170685	0.7446969806047625	0.20673670818669337	0.10042397324842803	0.12709206961003627	0.16584416256106407	3.203270162147271	60.63710872771961	0.5538811608115379	6.744524792595035	3.396920452906126	0.030954388946739565	7.195988278759168	0.7773001883059724
56	0.291283770387067	14.875412123777348	0.5955538699797276	0.534136405841649	0.7388874214921769	0.205745218225735	0.09992843104332857	0.12622606156216923	0.16559284204141683	3.192161441697468	60.54992206451341	0.553002155955698	6.695537338875476	3.3708490164292124	0.03081793700344421	7.201631194859706	0.7733127063158156
57	0.290315662234003	15.06331981247822	0.5935981270973438	0.53005087928897	0.7332920094696105	0.20476534001215124	0.09945136670764337	0.12537930684347223	0.16533687798146324	3.1812115050079175	60.46082072049324	0.5521089654600219	6.647784753609303	3.3455313628861307	0.030685855176313073	7.206868176072523	0.7694792791825217
58	0.28936022059726807	15.250840474794677	0.5916485371150049	0.526108748666597	0.7278998638765833	0.20379696139714548	0.09899128359000485	0.12455126178601082	0.16507647615160512	3.170414727410655	60.369888946829214	0.5512022307226941	6.601226941263637	3.320939007068518	0.030557782106236248	7.211708912596996	0.7657876240279899
59	0.2884170089852578	15.437985316194498	0.5897054561359643	0.5223030873675029	0.7227006815600888	0.2028399661980991	0.098546823885282	0.1237413970799804	0.16481183438887448	3.1597657181436367	60.277207718311644	0.550282568403766	6.555825091361855	3.2970445591440645	0.03043339282373774	7.216162815955201	0.7622265640613929
60	0.28748560865496814	15.62476433343766	0.5877692150132651	0.5186273208234411	0.7176847122229194	0.20189423440432433	0.09811676363949039	0.1229491972168778	0.16454314292279176	3.149259311738084	60.18285486700951	0.5493505714484564	6.511541626854892	3.2738216794039574	0.030312397629515316	7.220239030166258	0.7587859874144233
61	0.2865656177603117	15.811186538318479	0.5858401208517615	0.5150752040165447	0.7128427192497772	0.20095964283400314	0.09769998691969338	0.122174160585752	0.1642705846538463	3.1388905536407274	60.086905203678036	0.5484068099227077	6.46834018745607	3.2512450442866108	0.030194534024717733	7.223946438992939	0.7554566528088644
62	0.28565665083562514	15.997259946814355	0.5839184577717993	0.5116408114975507	0.7081659647912624	0.20003606520917114	0.09729548757742676	0.12141579895238672	0.1639943353964425	3.128654695943007	59.989430615275054	0.5474518317890334	6.426185585731814	3.229290311350922	0.03007956778222657	7.2272936745771466	0.7522301987056097
63	0.2847583375597212	16.18299177081027	0.5820044888838445	0.5083185089544733	0.7036461625441978	0.19912337275395517	0.09690234739028201	0.12067363701405924	0.1637145643514611	3.118547179414373	59.89050026433102	0.5464861643587829	6.385043749800351	3.2079340568709105	0.029967286411045985	7.230289132235713	0.7490989763163759
64	0.28387032259533734	16.368388439810413	0.5800984566314269	0.5051029485833769	0.6992754699739122	0.1982214343430409	0.09651973381085559	0.11994721240358552	0.16343143416699296	3.1085636321151786	59.79018061375922	0.5455103144859045	6.344881718245435	3.1871537675138404	0.029857498681973058	7.23294097188201	0.7460560309983246
65	0.28299226474821415	16.55345569517238	0.5782005841285486	0.5019890503466745	0.6950464578307906	0.1973301168550951	0.09614688945996451	0.11923607526804679	0.16314510127715692	3.0986998583581036	59.68853556796572	0.5445247696190876	6.305667593809596	3.166927794374926	0.029750031714942355	7.235257128921215	0.7430950201503609
66	0.2821238365072066	16.738198652641476	0.5763110759666652	0.4989719907656333	0.6909520915843521	0.19644928544623916	0.09578312520937111	0.11853978813483755	0.1628557160799753	3.088951832745902	59.58562654717871	0.5435299983542777	6.2673705228065675	3.1472353290147366	0.02964472908948434	7.237245319444054	0.7402101590313417
67	0.2812647233216037	16.922621863751353	0.5744301193308511	0.4960471875002336	0.6869857067702809	0.1955788037985025	0.09542781343763841	0.11785792545987783	0.16256342323867126	3.0793156910151915	59.48151261223872	0.5425264513736765	6.229960650286996	3.128056362020835	0.029541449079344407	7.238913050232176	0.7373961671448862
68	0.280414623091478	17.106729368133532	0.5725578848416021	0.49321028778577003	0.6831409902273624	0.19471853435431927	0.09508038229437818	0.11719007338159376	0.1622683618882241	3.0697877235373388	59.376250550426704	0.5415145620888933	6.1934090920315015	3.1093716547403507	0.029440063138465554	7.240267625231327	0.7346482228079912
69	0.2795732456518189	17.290524748861138	0.5706945274321092	0.49045715645517884	0.679411960579877	0.19386833857869756	0.09474030965058171	0.1165358294993244	0.1619706658425076	3.0603643687352537	59.269894961626136	0.5404947472858352	6.1576879074946245	3.091162710939133	0.029340454311065037	7.241316151867672	0.7319619151898814
70	0.27874031225181584	17.4740111783208	0.5688401871995745	0.4877838643891675	0.6757929496683327	0.19302807718050283	0.0944071181200182	0.11589480258923951	0.16167046380906316	3.051042206502813	59.16249834737728	0.539467407794251	6.1227700693110885	3.073411747176222	0.02924251596046239	7.24206554787006	0.7293332044801386
71	0.2779155550729608	17.657191456441396	0.5669949901849133	0.48518667800988685	0.6722785857629655	0.1921976103041295	0.09408037093676855	0.11526661232034745	0.16136787959006377	3.0418179521415536	59.05411119410199	0.5384329291146097	6.088629433907159	3.056101664963253	0.029146150739406775	7.242522547723525	0.7267583886859011
72	0.27709871677915043	17.84006804551374	0.5651590491054993	0.4826620494658395	0.6688637778980113	0.19137679771103483	0.09375966821430594	0.11465088898941814	0.16106303227018628	3.0326884507039775	58.9447820508996	0.5373916820042398	6.055240713996148	3.039216024690436	0.02905126966384376	7.242693708672183	0.7242340734232139
73	0.2762895500863812	18.022643102845954	0.5633324640598496	0.48020660724195463	0.665543700898004	0.1905654989554092	0.09344464344723824	0.11404727326742953	0.16075603639649372	3.0236506715852647	58.83455760403003	0.5363440230386073	6.022579452215762	3.022739020624499	0.028957791252028627	7.242585416441679	0.7217571436142348
74	0.2754878173666276	18.204918509438333	0.5615153231756779	0.4778171475697428	0.662313781716135	0.18976357354304635	0.09313496045113587	0.11345541596015514	0.1604470021447092	3.014701703551488	58.72348274573373	0.5352902951302574	5.990621996506316	3.0066554577504996	0.028865640779381828	7.242203890536069	0.7193247386475125
75	0.27469329022802136	18.386895898769044	0.559707703294219	0.47549062539854964	0.6591696851185007	0.18897088109498966	0.09283031030253597	0.11287497774626801	0.16013603549628191	3.0058387494786842	58.611600647481794	0.5342308280815758	5.959345473558721	2.990950727061797	0.028774749542208728	7.241555189898727	0.7169342274489023
76	0.27390574910489024	18.568576682945032	0.5579096706357456	0.47322414567088505	0.6561072999051647	0.1881872815017531	0.09253040857446075	0.11230562891169175	0.15982323841232335	2.9970591212250826	58.49895283188794	0.5331659391279476	5.92872776232815	2.975610781225859	0.028685054203517815	7.240645218495025	0.7145831858453484
77	0.27312498291518433	18.749962072729733	0.5561212813530848	0.47101495612286653	0.6531227275930853	0.18741263504682248	0.09223499323382768	0.11174704911806503	0.15950870897992714	2.988360235354348	58.38557923316296	0.5320959333948271	5.898747471364965	2.960622114056421	0.02859649630545652	7.239479730028062	0.7122693792411791
78	0.2723507887341974	18.93105309568599	0.5543425820574207	0.46886044048016406	0.6502122717505354	0.18664680252133442	0.09194382274384648	0.11119892717692918	0.15919254155204746	2.9797396090656054	58.27151825488769	0.531021104334761	5.8693839169288395	2.945971740859221	0.028509021833590803	7.238064332455504	0.7099907469331381
79	0.2715829714662525	19.1118506139494	0.5525736103463544	0.4667581116457042	0.6473724273361328	0.18588964533756666	0.09165667420792642	0.11066096081926757	0.15887482688854396	2.97119485609948	58.15680682825678	0.5299417341680939	5.840617100790026	2.9316471785984994	0.028422580792070596	7.236404492549454	0.7077453867492669
80	0.2708213435158349	19.292355341372396	0.5508143953313727	0.46470560491943946	0.6445998701108093	0.18514102564004276	0.09137334158383835	0.11013285646039202	0.15855565229785742	2.9627236826398673	58.04148047056744	0.5288580943256976	5.812427687761664	2.917636425955004	0.028337126797602183	7.234505540485461	0.7055315402360983
81	0.27006572447469696	19.472567858809818	0.5490649581374634	0.46270067161157497	0.6418914466986262	0.184400806407369	0.09109363409936994	0.10961432896984942	0.1582351017724048	2.9543238834190637	57.925573341091265	0.5277704458721578	5.784796983974815	2.903927944237797	0.028252616724307584	7.232372674241928	0.7033475794583203
82	0.2693159408304865	19.652488627297856	0.5473253123658686	0.46074117316439206	0.639244165475737	0.18366885154286994	0.0908173748945231	0.10910510145031975	0.1579132561152898	2.945993338095092	57.809118293337434	0.5266790399018997	5.757706916277961	2.8905106394897584	0.028169010404548365	7.230010963732271	0.7011919956245234
83	0.26857182569223875	19.832117999687796	0.5455954645277936	0.4588250756726019	0.6366551881065614	0.18294502595640724	0.0905443998284687	0.10860490502368557	0.15759019306017538	2.9377300078415844	57.69214692447623	0.5255841179139993	5.731140012529109	2.8773738455370275	0.028086270369354377	7.227425354726708	0.6990633890510869
84	0.2678332185260035	20.01145623134984	0.5438754144601793	0.4569504446507231	0.6341218214826433	0.18222919564037796	0.09027455638462657	0.10811347862080063	0.1572659873870775	2.929531932065301	57.57468962306747	0.524485912174279	5.705079382396782	2.864507307602467	0.028004361611633655	7.224620672650603	0.696960459930022
85	0.26709996489865806	20.19050349011617	0.5421651557267176	0.455115440003525	0.6316415099932685	0.18152122774072865	0.09000770265572591	0.10763056877392302	0.15694071103488383	2.92139722522687	57.45677561542683	0.5233846460671954	5.6795086985573615	2.851901166372504	0.027923251367799034	7.221601626285015	0.6948819997536558
86	0.2663719162311532	20.36925986538506	0.5404646760021122	0.45331831122483	0.6292118281673478	0.18082099062256007	0.08974370641731508	0.10715592941269969	0.156614433210064	2.9133240737804513	57.33843301040969	0.5222805344358538	5.654412178373396	2.8395459425921916	0.027842908920059268	7.218372811352389	0.6928268834636581
87	0.26564892956424624	20.547725376186783	0.5387739574343858	0.45155739289253294	0.6268304737943851	0.1801283539289314	0.08948244431048596	0.10668932166541709	0.15628722049029098	2.905310733270534	57.219688842082356	0.5211737839061514	5.62977456623848	2.8274325223683268	0.02776330542413451	7.2149387139474275	0.6907940624959639
88	0.26493086733467747	20.72589997846259	0.5370929769889203	0.4498311004071055	0.6244952614368948	0.17944318863420267	0.08922380110675499	0.10623051366508554	0.15595913692376198	2.897355525559799	57.10056911060981	0.5200645931975014	5.605581116504095	2.8155521430737216	0.027684413755708133	7.211303713836346	0.6887825585038603
89	0.26421759716024734	20.903783571724002	0.5354217067768032	0.4481379259373142	0.622204116274911	0.1787653670926774	0.08896766903688266	0.10577928035970581	0.15563024412483764	2.8894568361684625	56.98109882161734	0.5189531534220624	5.581817576908605	2.803896379768449	0.027606208370979473	7.207472087643814	0.6867914576137443
90	0.26350899163345487	21.08137600513256	0.5337601143679801	0.44647643456558056	0.6199550682701369	0.17809476308265457	0.088713947179207	0.10533540332652906	0.1553006013661372	2.881613111720822	56.86130202408299	0.5178396483729044	5.558470172489365	2.7924571321197833	0.027528665180194336	7.203448011932179	0.6848199051783591
91	0.2628049281238076	21.25867708300675	0.5321081630890517	0.44484526063399943	0.6177462466506914	0.1774312518459021	0.08846254090678406	0.10489867059048902	0.15497026566703356	2.8738228575003757	56.741201846738136	0.5167242548009344	5.535525589991016	2.7812266118292888	0.02745176143405811	7.199235566171124	0.6828671010213911
92	0.26210528858857435	21.435686569802154	0.5304658123061896	0.44324310428320607	0.615575874702793	0.1767747101228035	0.08821336138842689	0.10446887644692292	0.15463929187862369	2.8660846351105387	56.620820533007986	0.5156071426808125	5.512970962769254	2.770197330557574	0.02737547562189489	7.194838735599652	0.6809322951334215
93	0.2614099593914217	21.612404194636454	0.5288330176941758	0.4416687281692986	0.6134422648446453	0.17612501618355225	0.08796632513594958	0.10404582128848976	0.15430773276538692	2.8583970602338264	56.500179474581195	0.5144884754665231	5.490793856168482	2.7593620883179977	0.027299787379684453	7.190261413986675	0.6790147837570688
94	0.26071883112843525	21.788829655415277	0.5272097314924323	0.44012095434627524	0.611343813961797	0.17548204985568439	0.0877213535915984	0.10362931143613491	0.15397563908372933	2.8507588004831543	56.37929924369067	0.5133684103372134	5.468982253350442	2.748713962312603	0.02722467740652238	7.185507406296253	0.6771139058126064
95	0.26003179846123325	21.96496262259055	0.5255959027485508	0.4385986613064726	0.6092789989915122	0.17484569254812485	0.0874783727523302	0.10321915897402706	0.153643059657527	2.843168573341574	56.25819962415298	0.5122470984336541	5.447524541561183	2.738246296194809	0.027150127388743457	7.180580431260947	0.6752290396366085
96	0.2593487599569574	22.140802742576426	0.5239914775497247	0.4371007811729282	0.6072463727459576	0.17421582727190987	0.0872373128283195	0.1028151815884534	0.15331004145075128	2.8356251441877225	56.13689964120076	0.5111246850855783	5.426409498828926	2.7279526897477657	0.027076119931146354	7.17548412386568	0.6733596000118212
97	0.25866961793486437	22.31634964085403	0.5223963992425978	0.43562629703610073	0.6052445599615786	0.17359233865778675	0.08699810793242589	0.10241720241064219	0.1529766296372809	2.828127324403465	56.0154175901522	0.5100013100302262	5.40562628108264	2.7178269889639566	0.027002638494591096	7.170222037745215	0.6715050354612389
98	0.2579942783191949	22.491602924798407	0.5208106086421181	0.43417424042648584	0.6032722535606687	0.17297511297090515	0.08676069579710852	0.10202504986344296	0.1526428676680284	2.8206739695596514	55.89377106397041	0.5088771076224925	5.385164409677595	2.7078632765087245	0.02692966733917022	7.16479764749898	0.6696648257774458
99	0.2573226504980228	22.666562186255717	0.5192340442299348	0.43274368891549175	0.6013282111125868	0.17236403812278905	0.08652501751586714	0.10163855751178447	0.1523087973354982	2.813263977676216	55.77197697976188	0.5077522070370405	5.365013759314412	2.6980558625514424	0.026857191472301766	7.159214350926811	0.6678384797630317
100	0.2566546471878341	22.841227003892225	0.5176666423427918	0.43133376383815847	0.5994112514841011	0.17175900368075026	0.0862910173069828	0.10125756391684464	0.15197445883587582	2.8058962875534905	55.65005160425499	0.5066267324626942	5.345164546340255	2.688399275950594	0.026785196601268667	7.153475471188546	0.6660255331634177
