	s1	s10	s11	s12	s13	s14	s15	s16	s17	s2	s3	s4	s5	s6	s7	s8	s9
0	100.0	0.0	0.0	0.0	0.0	0.0	0.0	0.0	0.0	0.0	0.0	0.0	0.0	0.0	0.0	0.0	0.0
1	1.7130976554967896	0.421058658042906	0.5690268082731327	3.75427956314596	2.100054348056324	0.20742226480926348	0.45219975589164396	0.2049180400817105	0.15670525300196111	39.04041627912357	23.200161024883357	1.6619046405211404	11.213556106528461	5.002392248492334	0.10073289709841145	5.419258269200024	4.78281618735301
2	1.0923826872164513	0.9265149110042306	0.6027477880188075	3.617811715015824	2.141564809486452	0.2203131225729136	0.4636422465481457	0.21471339730837408	0.16780986031817524	22.640908272594537	39.586121854997636	1.0631125761844071	11.281639620359012	5.342299722223752	0.10356206219048127	5.787491365742399	4.747363988218476
3	0.7801674398846792	1.4258985586717539	0.6221385893257667	3.404031325735884	2.1294326891449007	0.22801158517270967	0.4634703330449278	0.21925983889000972	0.17507905148427336	13.53899774625593	48.97810280666462	0.6832966846614574	11.070201283961099	5.558753293127439	0.10379922691755435	6.021982734221393	4.597376812835631
4	0.5998853661062368	1.9105478550475379	0.6333322864242603	3.16171441460533	2.0887050204340993	0.2327357881167195	0.45700802957941766	0.22083549861680604	0.180149483559366	8.465580467694931	54.480881900887255	0.4718381946801001	10.716947840981204	5.704411410956914	0.10262245166992733	6.179779028536661	4.393024962103292
5	0.49407606855411523	2.3764150812838	0.6397692969578919	2.916513784178071	2.0333406057060364	0.2357298639152044	0.44722893020788423	0.22071824697715903	0.1839386365980548	5.622162279539287	57.8084938248145	0.35401536716847326	10.298031961579312	5.80879939892047	0.10069031321601463	6.292866015497176	4.167210324886604
6	0.42991884046425227	2.822002769974627	0.643379435428247	2.6812798462396144	1.9710768103210232	0.23769156686629303	0.4357875652881737	0.21962462871969768	0.1869606610008714	4.014898253806999	59.91062749210624	0.2880464122744542	9.85510825187727	5.888467963884593	0.09836983374630404	6.379173627541647	3.937586040459754
7	0.38921245094605905	3.2471737855031084	0.6452477516685531	2.4618786168414655	1.9061764913821808	0.23901311001987285	0.42360138813947873	0.21795727034056375	0.18950417225814353	3.0938978757270603	61.31421903857596	0.25081394125734585	9.410610593546714	5.952712527563869	0.0958650833369337	6.44877190486086	3.7133439980318914
8	0.3618560526422236	3.652495058843354	0.6459905143452243	2.2604483932433372	1.8409771449834482	0.2399171712404488	0.41117906725615483	0.21594454054078827	0.19173268049729644	2.5548180619116887	62.312254280893356	0.2295272218785525	8.976361049680433	6.006803592384193	0.0932897308343916	6.50737055841621	3.4990348804089466
9	0.3422320530763942	4.0388778644253795	0.6459633673513777	2.077186515867461	1.7767485908403038	0.2405321890204897	0.39880226083599674	0.21371787725350444	0.1937401876130321	2.2291397218375346	63.06820068879769	0.2171073909089864	8.55833349787413	6.053775077881518	0.09070721599398891	6.558256334371646	3.2966791660506147
10	0.32720520466619435	4.407381921835803	0.6453765756233745	1.9113242573699634	1.714167856933281	0.24093404857130632	0.3866262769571171	0.21135460617950144	0.19558196476260828	2.0234814757084374	63.67377684496947	0.20963509127325683	8.15928867930005	6.095414336846068	0.08815299623113697	6.603365531583242	3.1069323311892427
11	0.3150156943662586	4.759109914673499	0.6443588730043948	1.7616541639745786	1.6535822819851325	0.24116917520636053	0.37473585738446646	0.20890166867408783	0.19729160002102766	1.886034319025946	64.18091329013741	0.20493879721380415	7.780231765781336	6.132810550594753	0.0856468762077501	6.643878096477651	2.9297270752716087
12	0.3046667035630619	5.095151836191497	0.6429928732014947	1.6268111854279081	1.5951554298812989	0.24126734106689127	0.36317612906390756	0.20638878680287662	0.19889045004363398	1.7879961662593626	64.61943846209647	0.2018140214217045	7.421218516012852	6.166658796642047	0.08319984977673248	6.680547029695548	2.764626422852785
13	0.2955854680860102	5.416556721602088	0.6413347438848025	1.5054188000638782	1.538948139547764	0.24124877936166073	0.3519698103727321	0.20383578246475498	0.2003928884172145	1.7133024945388815	65.0068687443015	0.1995914466035707	7.081801004204706	6.197428913492294	0.08081790440085224	6.713881322949984	2.6110170357073725
14	0.28743562452257	5.724319365094736	0.6394251688469742	1.396161509882406	1.4849636545979639	0.2411281473361382	0.34112680523476674	0.20125665974004556	0.20180922730511058	1.652945430484578	65.35383074064433	0.19789803959189456	6.761273881019397	6.225459523276143	0.0785041433867274	6.744247816882487	2.468214262153829
15	0.28001324784841286	6.01937517122156	0.6372954843144303	1.2978175347930883	1.4331728461427355	0.24091674372903937	0.3306495782057627	0.19866189385875416	0.20314735047651059	1.6018306832068139	65.66706714358533	0.19652490126602387	6.458810211437724	6.2510106024058105	0.07625997576260453	6.771928152606294	2.3355184791392145
16	0.2731891939822112	6.302599360484064	0.6349711394312534	1.2092703133652998	1.383528389910341	0.24062375845867276	0.3205361881131274	0.19605972540134659	0.20441363203336196	1.557038191961546	65.95110550689878	0.19535415170815823	6.173536157093227	6.274293073193193	0.0740857887149588	6.79715082929262	2.212244599957961
17	0.26687706793175053	6.574808446705002	0.6324736706977657	1.129509010179465	1.3359728026482292	0.24025698492039116	0.31078201954826723	0.1934569017047722	0.20561345863062502	1.5168592257790436	66.20918692096599	0.1943184686084163	5.90457176853518	6.295485638549556	0.07198133224774514	6.820109441762011	2.0977368405859442
18	0.26101537903219835	6.836762842448937	0.629821848995911	1.0576235902187514	1.2904430542758585	0.23982323313654663	0.301380787786566	0.1908591101701129	0.2067515310962941	1.480263005872202	66.44378482986686	0.1933786876446994	5.6510529817796185	6.314744518040175	0.06994594325146634	6.8409732278768525	1.991375428507129
19	0.2555575553596521	7.089169967595875	0.627032364012555	0.9927974637302109	1.2468732614725357	0.2393285757131984	0.2923251361602111	0.1882712390360273	0.20783204286906967	1.4466009659192096	66.65689668821544	0.19251139458641947	5.412143180033226	6.332209218984618	0.0679786794757171	6.859893320566669	1.8925789462695628
20	0.25046631631645716	7.332687522804561	0.6241202483109962	0.9342992987740945	1.2051962983656785	0.23877849975343013	0.2836070029444366	0.18569754080040704	0.2088587892480878	1.4154425164007463	66.85020954956602	0.1917020455087302	5.187038955522737	6.34800607956723	0.06607840252739806	6.8770065861978305	1.800804347391392
21	0.24571046586206513	7.56792674779735	0.6210991533450968	0.881474828071914	1.165344789099505	0.23817800533719227	0.2752178562370119	0.18314174005688455	0.2098352374212948	1.386483606141594	67.02519553974676	0.19094114621878897	4.9749726440755175	6.362250548052516	0.06424383165240087	6.892438093723557	1.7155457671608192
22	0.24126303376069488	7.79545557155892	0.6179815399139331	0.8337390568774234	1.127251741649575	0.2375316731650214	0.2671488517915085	0.18060710901277327	0.21076457393925677	1.3594956052172158	67.18316819950866	0.19022212523553983	4.775213063103749	6.375048734395173	0.06247358044226678	6.906302795594769	1.6363327448337817
23	0.23710017065667463	8.01580160941105	0.6147788179737261	0.7905690519943845	1.0908509683811338	0.23684371398665366	0.25939094464294	0.17809652370625467	0.21164973893581304	1.3342965419003587	67.32531686715882	0.1895401448574789	4.5870652508143035	6.386498533609975	0.06076618327751864	6.918706744744138	1.5627281939490183
24	0.23320046749162784	8.229454988076542	0.6115014554348936	0.751497371709871	1.0560773756475328	0.23611800690576593	0.2519349719773665	0.17561250825768773	0.21249345231512268	1.3107347507278726	67.45272862882294	0.18889143233190542	4.409869653421663	6.396690488957232	0.05912011536176391	6.929748029703664	1.4943263028568
25	0.2295445162835231	8.436870993980254	0.6081590670831695	0.7161061342980032	1.0228671695608311	0.2353581305821	0.24477171725016583	0.17315727133293252	0.21329823485913552	1.2886794278874967	67.56640313322303	0.1882728998250621	4.243001012042172	6.405708490113907	0.057533808555664215	6.939517530956732	1.4307504621660634
26	0.2261146103965816	8.638472547540552	0.6047604900409497	0.6840216923220437	0.9911580054394137	0.23456738964453147	0.23789196140225316	0.17073273723874305	0.2140664259498743	1.2680150454353327	67.6672632254677	0.1876819251446675	4.085867092255359	6.413630360969924	0.056005664302155596	6.948099557717418	1.3716512687327351
27	0.2228945273368967	8.83465251004808	0.6013138495473963	0.6549098666391073	0.960889097419798	0.23374883767517432	0.23128652469175423	0.16834057308724015	0.21480019889810542	1.248637934388355	67.75616305623309	0.1871162222849095	3.937907338508725	6.420528369070398	0.05453406441951753	6.955572399826264	1.3167046299254401
28	0.21986936202878393	9.025775831559734	0.5978266173539905	0.6284716897485779	0.9320012984811918	0.23290529758918424	0.2249463013389459	0.16598221291302193	0.21550157447575077	1.2304540985305714	67.83389460247876	0.1865737624699555	3.798591501306045	6.4264696760327675	0.05311738024768903	6.962008815702164	1.2656099777431251
29	0.2170253923756116	9.212181548963136	0.5943056641921495	0.6044396085328562	0.9044371575522593	0.23203937993158333	0.2188622884255972	0.16365887931166698	0.21617243302645028	1.2133777368954657	67.90119313551206	0.18605272386260246	3.6674182656675067	6.431516741086147	0.05175398046638739	6.967476469509991	1.2180885946887998
30	0.2143499665925164	9.394184643492999	0.5907573072865828	0.5825740991292673	0.8781409582757507	0.23115349943823113	0.2130256100474373	0.1613716029864829	0.21681452540100687	1.1973301833986645	67.95874194897326	0.18555145778432167	3.543913898151415	6.4357276857639825	0.050442237806133876	6.972038326244313	1.1738820492279078
31	0.2118314061113422	9.572077766799225	0.5871873536046768	0.5626606503141318	0.853058742747274	0.23024989010600896	0.2074275374525597	0.1591212404828298	0.2174294828899371	1.1822390998464547	68.00717653426675	0.18506846465652857	3.427630923148594	6.439156625375947	0.04918053481479789	6.975753010823942	1.1327507365592766
32	0.20945892027917068	9.74613284430843	0.5836011393604204	0.5445070757608846	0.8291383227560802	0.2293306189555524	0.20205950573205206	0.15690849032346865	0.21801882628055422	1.16803782949479	68.04708832030589	0.18460237584680664	3.318146835198976	6.441853971436288	0.047967268805693686	6.978675135722644	1.0944725194325584
33	0.20722253045515038	9.916602564187368	0.5800035661831398	0.5279411194535768	0.8063292805389687	0.2283975986310852	0.1969131275199199	0.15473390771630616	0.21858397413807565	1.154664857788942	68.07902805407763	0.18415193925574438	3.2150628516121027	6.443866708320292	0.04680085608931276	6.980855600680315	1.058841463352329
34	0.20511300188282203	10.08372175975817	0.5763991342898482	0.5128083222229131	0.7845829607017757	0.2274525989563919	0.1919802040838766	0.15259791797767566	0.21912625039204264	1.1420633489611565	68.10350887505912	0.18371600739605407	3.1180027080760397	6.445238646828711	0.04567973557424453	6.982341867397768	1.0256666604416365
35	0.20312178220894175	10.24770869274434	0.5727919729494234	0.49897012078456443	0.7638524547001481	0.2264972575479676	0.1872527341327298	0.15050082879395904	0.2196468912966287	1.1301807395248027	68.1210091224727	0.18329352723279307	3.0266114988550066	6.446010656925273	0.04460237181061947	6.983178211669044	0.9947711363512844
36	0.20124094578844026	10.408766244268744	0.5691858684895322	0.486302153746852	0.7440925790702131	0.22553308957317164	0.18272292062317413	0.14844284142911068	0.22014705182417718	1.1189683767261727	68.131974905671	0.18288353133990307	2.940554562415175	6.446220881610276	0.043567257540020665	6.983405955077797	0.965990834806477
37	0.1994631430970902	10.567083020079284	0.5655842900677989	0.47469275184867615	0.7252598484371164	0.22456149673081602	0.17838317581386945	0.1464240609734452	0.22062781154411032	1.1083811940457742	68.13682246228173	0.18248513009234635	2.859516412758731	6.445904933656879	0.04257291580816482	6.9830636781282855	0.9391736746361116
38	0.19778155468198738	10.722834376056284	0.5619904134048594	0.4640415921778034	0.7073124441952673	0.22358377552322073	0.17422612478569507	0.14444450571904457	0.22109018003357614	1.0983774182090529	68.13594032486755	0.18209750470567362	2.78319971632641	6.445096076746797	0.041617901690302696	6.982187416475696	0.9141786744009831
39	0.1961898492273439	10.876183369653361	0.5584071426562917	0.454258498348908	0.6902101796379849	0.2226011248815006	0.17024460762179008	0.1425041157384245	0.22153510186122322	1.0889183035425418	68.12969131403149	0.18171990099857577	2.711324313995315	6.44382539237807	0.040700803673739835	6.9808108417429064	0.890875140010744
40	0.19468214523890243	11.027281642541531	0.554837130583705	0.4452623706186664	0.673914462218495	0.2216146531999962	0.16643168041994455	0.1406027607359368	0.22196346118152935	1.0799678905230552	68.1184143737095	0.18135162376932645	2.6436262874643917	6.442121933786652	0.03982024473725083	6.978965428268872	0.8691419110024536
41	0.1932529761011773	11.17627023938216	0.5512827971690322	0.43698023165248534	0.6583882535336556	0.22062538483005026	0.16278061529002005	0.1387402472345138	0.2223760859732013	1.071492785784985	68.1024262626893	0.18099203172474657	2.5798570690865312	6.440012867994699	0.03897488316278446	6.976680606994256	0.8488666613966162
42	0.19189725808536587	11.323280367278649	0.5477463468028646	0.42934637531125913	0.6435960275499538	0.21963426607872646	0.15928489947268878	0.13691632515461022	0.22277375195208568	1.0634619614604357	68.08202311482627	0.18064053288571164	2.5197825941071845	6.437523606996296	0.038163413111210034	6.97398390757932	0.8299452513476112
43	0.1906102610982973	11.468434100205222	0.5442297841659832	0.4223016071075578	0.6295037275223258	0.2186421707539565	0.15593823370081347	0.13513069383722978	0.22315718618621386	1.05584657185847	68.05748187933254	0.18029658042653424	2.4631824940825857	6.434677928998619	0.0373845649905822	6.9709010897485015	0.812281125984824
44	0.18938758188209695	11.61184503235209	0.540734928911547	0.41579256634272777	0.6160787219980203	0.21764990529352593	0.15273452991100878	0.1333830075578438	0.22352707043788142	1.0486197858431325	68.02906165127291	0.17995966889835097	2.4098493302198207	6.431498090546075	0.03663710564229625	6.967456264758246	0.7957847581326768
45	0.1882251194500806	11.753618884091143	0.5372634292463166	0.40977112097227025	0.6032897602452041	0.2166582135121244	0.14966790840123714	0.13167288057408716	0.22388404425550254	1.041756633405565	67.99700490153168	0.17962933079889987	2.359587865278163	6.428004930283659	0.03591983836793147	6.963672007807294	0.7803731317791093
46	0.18711905255698433	11.893854063962623	0.5338167744995561	0.40419382728531766	0.5911069274023268	0.2156677809972864	0.14673269451966484	0.12999989174594495	0.22422870783569931	1.0352338651095534	67.96153861456195	0.17930513345437812	2.312214372676728	6.424217965040081	0.03523160281715821	6.959569462126754	0.7659692634082567
47	0.18606581900739463	12.032642189938498	0.5303963067625644	0.3990214472661588	0.5795015995959749	0.2146792391830624	0.14392341495992356	0.1283635887645256	0.2245616246747384	1.029029823213116	67.92287534165756	0.17898667618099842	2.2675559813085258	6.420155478866795	0.03457127475493246	6.955168435439028	0.7525017584264799
48	0.1850620966493937	12.170068572833987	0.5270032316709722	0.3942185174343498	0.5684463992513592	0.2136931691264778	0.14123479373026276	0.12676349202106313	0.22488332402590827	1.0231243234135246	67.88121417647737	0.1786735877005663	2.2254500547424514	6.415834605585209	0.033937765724296076	6.950487489383978	0.7399044002290983
49	0.18410478590075446	12.306212664682622	0.5236386283989779	0.38975296350687283	0.5579151507749676	0.21271010501081009	0.1386617478554425	0.12519909814625646	0.22519430317872027	1.0174985462394028	67.83674165924458	0.17836552378517373	2.1857436033027295	6.411271405371172	0.0333300226193263	6.9455440224854375	0.7281157694970147
50	0.18319099366267044	12.441148474606369	0.5203034589269582	0.38559575592198186	0.5478828367686687	0.21173053739700984	0.13619938286406924	0.12366988324681705	0.22549502957401749	1.0121349372383952	67.78963261530534	0.17806216510773717	2.1482927276368016	6.4064809358459565	0.032747027181279975	6.940354347166454	0.7170788915497517
51	0.18231801851503338	12.574944954550206	0.5169985766388703	0.381720601794824	0.5383255549065677	0.21075491624284265	0.1338429881075199	0.12217530586387415	0.22578594276790118	1.0070171151657363	67.74005093327027	0.17776321528087263	2.112962092368093	6.401477318104013	0.032187795429511314	6.934933761279349	0.7067409097147631
52	0.1814833370547343	12.707666357087808	0.5137247343015092	0.3781036693531239	0.5292204755849286	0.20978365370781527	0.13158803195139102	0.12071480967595768	0.22606745625637417	1.0021297874891577	67.68815028751868	0.17746839906267092	2.079624428452764	6.396273798074292	0.03165137703755435	6.929296614580487	0.6970527828110155
53	0.18068459133767492	12.839372567319106	0.5104825914721687	0.374723341354508	0.520545800436728	0.20881712676001563	0.12943015687529896	0.11928782596695359	0.22633995917130306	0.9974586725259927	67.63407480938265	0.1771774607216276	2.0481600629140453	6.390882803568844	0.031136854663554273	6.923456370532917	0.6879690049968664
54	0.17991957723622964	12.970119410798091	0.5072727213797058	0.3715599943278862	0.5122807217814751	0.20785567960047988	0.12736517451238996	0.11789377587853254	0.22660381785797212	0.9929904277046724	67.57795971107508	0.17689016253335263	2.018456474591356	6.385315997361387	0.030643343243280823	6.917425663808172	0.679447346310187
55	0.17918623372710624	13.099958939183399	0.5040956173168235	0.3685958008988493	0.504405383074419	0.2068996259181702	0.12538906065648694	0.11653207246372665	0.22685937734279799	0.9887125833624019	67.51993186588142	0.1766062834092122	1.99040787470635	6.379584326582044	0.030169989253018	6.911216353797218	0.6714486124268148
56	0.1784826329754215	13.2289396952877	0.5009516985815249	0.36581455268413543	0.49690084039685867	0.205949250988718	0.12349795026060749	0.1152021225580734	0.22710696269983555	0.9846134816418641	67.46011034804023	0.17632561763732718	1.963914810953571	6.373698068716436	0.029715969948789306	6.904839574442809	0.6639364221863374
57	0.17780697116965283	13.357106959016832	0.4978413160007431	0.3632015015596278	0.4897490250237222	0.2050048136283555	0.12168813244790946	0.1139033284827523	0.22734688032354824	0.9806822200427333	67.39860693533042	0.17604797372847789	1.9388837939475727	6.3676668744587825	0.02928049258765958	6.898305780663684	0.6568770015877552
58	0.1771575600361505	13.484502975599451	0.49476475706708495	0.3607432173345404	0.48293270709261565	0.2040665480137429	0.11995604555312743	0.11263508959315806	0.2275794191148433	0.9769085992451614	67.33552657716744	0.17577317335619572	1.9152269448763546	6.361499807653073	0.028862793636173913	6.891624791624162	0.6502389930369528
59	0.17653281899100767	13.611167167389066	0.4917222507166328	0.3584274600858373	0.47643546039278867	0.2031346653773545	0.11829827221046893	0.11139680368511393	0.2278048515866795	0.973283074842564	67.27096783074789	0.17550105038435831	1.8928616632807633	6.355205382533134	0.028462137970463375	6.8848058310775615	0.6439932787285229
60	0.17593126785723567	13.737136330481137	0.4887139717749559	0.3562430655677363	0.4702416282758082	0.20220935558782405	0.11671153450044322	0.11018786827036198	0.2280234348953824	0.9697967126682236	67.20502326768477	0.17523144997182416	1.871710313838139	6.348791598466883	0.028077818071808588	6.877857565005789	0.6381128170819121
61	0.17535152012365623	13.862444817199977	0.48574004509393104	0.35417984233820227	0.46433629069930105	0.20129078862304936	0.11519268916830268	0.10900768173131507	0.22823541180274165	0.9664411474181753	67.1377798531816	0.17496422775017376	1.8516999312257567	6.342265972374521	0.027709153221320285	6.870788136739063	0.6325724913091394
62	0.17479227668418698	13.987124705531938	0.4828005494026543	0.3522284793349271	0.45870523239322347	0.20037911594411262	0.1137387229227935	0.10785564436499169	0.22844101157413813	0.963208544307473	67.0693192998311	0.17469924906577222	1.832761942025888	6.335635568996351	0.027355488696614385	6.863605199746047	0.6273489691780303
63	0.17425232002933672	14.111205956440422	0.47989552089237475	0.35038046280659063	0.4533349121433102	0.19947447177689934	0.11234674782366302	0.10673115932479592	0.2286404508171704	0.960091563512799	66.9997183978317	0.17443638828185068	1.8148319027757853	6.328907029159922	0.02701619497317643	6.856315948256581	0.6224205731538766
64	0.17373050885467795	14.234716559951549	0.4770249565543997	0.34862800161038093	0.4482124331788598	0.1985769743079625	0.11101399676452824	0.10563363346829228	0.22883393426503093	0.9570833271784047	66.92904932332021	0.17417552813546291	1.7978492532733568	6.32208659618884	0.026690666932695794	6.848927145871242	0.617767160144362
65	0.17322577304813785	14.357682670830474	0.4741888172884367	0.34696395999618024	0.4433255146492583	0.1976867268006629	0.10973781905656857	0.10456247811847261	0.22902165550854434	0.9541773887877559	66.85737992637712	0.17391655914387263	1.7817570842972104	6.3151801405844195	0.026378323080355145	6.841445152299787	0.6133700101329823
66	0.1727371090304813	14.480128734604419	0.4713870307973779	0.3453817970946036	0.43866246417098353	0.1968038186371128	0.10851567611740628	0.10351710974537677	0.22920379768044677	0.9513677047134863	66.7847740001349	0.17365937905663936	1.766501918944188	6.308193183100098	0.026078604772776386	6.833875948358438	0.6092117230414831
67	0.1722635754231608	14.602077604640888	0.4686194942835266	0.3438755124049746	0.434212151423552	0.1959283262911004	0.10734513726848163	0.1024969505744667	0.22938053409525694	0.9486486077742575	66.71129153232509	0.1734038923497308	1.7520335068151014	6.301130916321016	0.025790975458066998	6.826225159347768	0.6052761232037998
68	0.17180428900884867	14.723550650927898	0.46588607696000683	0.3424395966618825	0.4299639827722913	0.19506031423673842	0.10622387564353987	0.10150142912760325	0.229552028847807	0.9460147826534414	66.63698894047853	0.17315000975682482	1.738304630332817	6.293998224851676	0.025514919929211028	6.818498076922649	0.6015481708884806
69	0.17135842098700077	14.844567861160993	0.4631866223899951	0.34106898752020204	0.42590787689277837	0.19419983579719544	0.10514966420985308	0.10052998070199567	0.22971843737324285	0.9434612430165865	66.5619192919158	0.1728976478380054	1.7252709225006417	6.286799704206003	0.025249943591804394	6.810699679556504	0.5980138803416576
70	0.1709251934686672	14.96514793469613	0.46052095066581683	0.33975902956179643	0.42203424137206325	0.19334693393766963	0.10412037190344518	0.09958204779219866	0.22987990697118552	0.9409833102273799	66.48613250957138	0.17264672857824742	1.7128906954535423	6.279539678490084	0.024995571747023035	6.802834651697591	0.5946602438660686
71	0.17050387622001767	15.08530836988523	0.45788886043867605	0.338505438178123	0.4183339502595103	0.19250164200631603	0.10313395987870612	0.09865708045970006	0.2300365772964389	0.938576593519304	66.40967556462131	0.17239717901691565	1.7011247791822548	6.272222216957784	0.024751348890485254	6.794907401704266	0.5914751614852579
72	0.17009378362394773	15.20506554527394	0.45529013080926795	0.337304266931647	0.4147983225402583	0.1916639844266647	0.10218847787246782	0.09775453665439009	0.23018858081852595	0.9362369715248603	66.33259265681066	0.17214893090412134	1.6899363698468477	6.264851149515829	0.024516838027572766	6.786922078642147	0.588447375777166
73	0.16969427184540253	15.324434795105654	0.45272452308869804	0.33615187804070595	0.4114191015035058	0.1908339773447805	0.10128206068210086	0.09687388249184259	0.23033604325214382	0.9339605750606681	66.25492538331154	0.1719019203819924	1.679290887125927	6.257430081248617	0.024291620005633164	6.778882588019332	0.5855664114917739
74	0.16930473618873323	15.443430479542865	0.45019178243844415	0.33504491567017597	0.40818843497755125	0.19001162923417678	0.1004129247568025	0.09601459249003652	0.2304790839604746	0.9317437710737504	66.17671289688256	0.1716560876892931	1.6691558400776358	6.249962406027875	0.024075292863373666	6.770792606530196	0.5828225195963569
75	0.16892460862732064	15.562066049986717	0.44769163939753576	0.3339802817442227	0.4050988564036119	0.1891969414613037	0.09957936490096217	0.0951761497688905	0.23061781633316478	0.9295831476694855	66.09799205404369	0.17141137688675384	1.6595007010181513	6.242451319268081	0.023867471197667647	6.762655595873754	0.580206625419002
76	0.1685533555017727	15.680354109849274	0.44522381130449445	0.33295511402609196	0.40214326671968564	0.1883899088142127	0.09877975108805351	0.09435804621570162	0.23075234814064213	0.9274755001353931	66.01879755393401	0.17116773560265272	1.6502967869455791	6.234899829883807	0.023667785547876657	6.754474815707456	0.5777102805836313
77	0.16819047536541304	15.798306471098488	0.44278800362096893	0.3319667662405566	0.3993149170287846	0.18759051999678555	0.09801252538378512	0.0935597826193619	0.23088278186630246	0.9254178178989424	65.93916206845238	0.17092511479581965	1.6415171480818316	6.227310771500506	0.023475881797817583	6.746253335792215	0.5753256184603791
78	0.16783549697504532	15.915934206892413	0.4403839111638718	0.3310127900301774	0.3966073920195606	0.1867987580908836	0.09727619897586469	0.0927808687760229	0.23100921501807833	0.9234072723423155	65.85911636428546	0.1706834685358598	1.633136463087125	6.219686812969652	0.023291420595207488	6.737994047383788	0.5730453128589963
79	0.1674879774085225	16.033247700568744	0.4380112192518222	0.3300909185687505	0.39401459411661094	0.1860146009884117	0.09656934930914732	0.09202082356864501	0.2311317404206644	0.9214412054241735	65.77868941732119	0.17044275379815527	1.6251309405827887	6.21203046823111	0.023114076788669412	6.729699673917033	0.5708625397358681
80	0.1671475003093903	16.150256691259163	0.43566960477172434	0.32919905166491564	0.39153072833047026	0.18523802179531296	0.09589061732341542	0.09127917502270116	0.23125044648969217	0.9195171190417123	65.69790851996538	0.1702029302737534	1.6174782265908372	6.204344105566278	0.02294353888206008	6.721372781030132	0.5687709416833809
81	0.16681367424133775	16.266970316364223	0.43335873717070095	0.3283352422117269	0.38915028778275107	0.18446898920929253	0.09523870479182614	0.09055546034014512	0.23136541748900394	0.9176326650897886	65.61679938180951	0.1699639601918831	1.610157317551051	6.196629956280709	0.022779508506014238	6.713015785970766	0.5667645949995838
82	0.16648613115133842	16.383397151115393	0.43107827937833204	0.32749768384964206	0.38686803987942553	0.18370746787298026	0.09461237175741163	0.08984922591357408	0.23147673377212008	0.9157856361625848	65.53538622408671	0.16972580815501978	1.6031484785778176	6.188890122853071	0.02262169990644998	6.7046309664241575	0.5648379791442797
83	0.16616452492952832	16.49954524542573	0.42882788866369626	0.32668469972708314	0.3846790131090132	0.18295341870408144	0.09401043406554464	0.08916002732239288	0.23158447200888674	0.9139739568587721	65.4536918683021	0.16948844098496002	1.5964331666567633	6.181126586583692	0.02246983944986666	6.696220468798998	0.5629859484091803
84	0.16584853006264613	16.615422158239568	0.4266072174318922	0.32589473224730153	0.38257848443413767	0.18220679920414634	0.09343176098854107	0.08848742931261473	0.23168870539835576	0.9121956756410878	65.37173781945519	0.16925182757957094	1.5899939584481664	6.173341214778155	0.022323665144897326	6.687786316009667	0.5612037056243575
85	0.16553784037168245	16.731034989526513	0.42441591396330247	0.32512633371661426	0.3805619672645587	0.18146756374705597	0.09287527294212383	0.08783100576186327	0.2317895038685815	0.9104489572236939	65.28954434412175	0.1690159387789919	1.5838144824895795	6.165535767488991	0.022182926180278038	6.679330414779739	0.5594867777749682
86	0.16523216783167297	16.846390410115024	0.42225362309999953	0.3243781577995432	0.3786251999770717	0.18073566384877196	0.09233993928903556	0.08719033963096343	0.23188693426433662	0.9087320754407014	65.20713054379358	0.1687807472411227	1.5778793554724868	6.15771190384928	0.022047382478486033	6.670854562503385	0.5578309933648476
87	0.16493124146415375	16.961494689499204	0.42011998688235463	0.3236489517101402	0.3767641349670551	0.18001104841938873	0.09182477622862452	0.08656502290346677	0.23198106052340073	0.9070434065718793	65.12451442372998	0.1685462273251682	1.5721741223892205	6.149871188020178	0.021916804264999184	6.662360453688524	0.5562324614125673
88	0.16463480630072294	17.076353721776332	0.41801464513942993	0.3229375490660786	0.3749749282033986	0.1792936639987439	0.09132884476859142	0.08595465651427638	0.23207194384223048	0.9053814230880209	65.04171295764293	0.16831235498312458	1.5666852002846674	6.142015094779675	0.0217909716525783	6.653849686011313	0.5546875519481801
89	0.1643426224109202	17.190973049834877	0.4159372360359339	0.3222428633469393	0.37325392927037127	0.17858345497653447	0.09085124877725387	0.08535885026852852	0.23215964283160873	0.9037446877928844	64.95874214844908	0.16807910765834902	1.5613998254211936	6.134145014772712	0.02166967424040574	6.64532376600377	0.5531928779089396
90	0.16405446399185453	17.305357887914848	0.41388739657855067	0.32156388190101937	0.3715976718757038	0.17788036379791197	0.0903911331137206	0.08477722275174451	0.2322442136628946	0.902131848334135	64.8756170853346	0.16784646419093582	1.556306003652029	6.126262259443656	0.021552710727701502	6.636784114397294	0.5517452783317048
91	0.16377011851383022	17.419513142662538	0.41186476308451186	0.3208996604478053	0.37000286480190553	0.17718433115555793	0.08994768183286654	0.08420940123221621	0.23232571020551493	0.9005416320580848	64.7923519973842	0.1676144047292045	1.5513924637920966	6.1183680656727395	0.021439888541329943	6.628232071145466	0.5503418027404382
92	0.16348938591861675	17.53344343277783	0.409868971614717	0.32024931803295886	0.36846638328404774	0.17649529616903192	0.08952011646304997	0.08365502155649704	0.23240418415620076	0.8989728411871976	64.70896030397216	0.1673829106469058	1.5466486138194946	6.110463600133447	0.021331023477108028	6.619668900144565	0.5489796966464594
93	0.16321207787147926	17.647153107353727	0.4078996583737411	0.3196120323940775	0.366985260794684	0.1758131965522045	0.08910769435395455	0.08311372803880503	0.23247968516048492	0.8974243482949196	64.62545466212208	0.1671519644663594	1.5420644997320911	6.102549963388313	0.021225939354405803	6.611095793670669	0.5476563880783092
94	0.16293801705030134	17.760646262998574	0.405956460078972	0.3189870357010135	0.3655566812183976	0.17513796876955331	0.08870970709220162	0.08258517334511535	0.23255226092696032	0.89589509206962	64.54184701102149	0.16692154978535023	1.537630766900702	6.094628193739918	0.021124467683674344	6.602513876551576	0.5463694750668938
95	0.16266703649368566	17.873926759824755	0.4040390143007425	0.318373610636454	0.3641779713983122	0.17446954818196697	0.08832547898224667	0.08206901837257523	0.23262195733470287	0.8943840733285648	64.45814861386903	0.16669165121077267	1.5333386237654993	6.086699270850846	0.02102644734649756	6.5939242100884154	0.545116714015242
96	0.16239897897013558	17.9869982363822	0.40214695977557174	0.3177710867881409	0.36284659403872493	0.1738078691827953	0.08795436559038398	0.08156493212495533	0.2326888185343386	0.892890351294422	64.37437009721623	0.16646225429400113	1.5291798077374696	6.078764119148636	0.02093172428782526	6.585327795744354	0.5438960088901272
97	0.1621336964078524	18.09986412360869	0.40027993669401674	0.31717883732383084	0.36156014094718336	0.17315286532466206	0.08759575234940757	0.08107259158462658	0.2327528870430731	0.8914130400831671	64.29052148796005	0.166233345473339	1.5251465531674924	6.07082361102664	0.02084015121997344	6.576725578612191	0.5427054011741209
98	0.16187104933033586	18.21252765786507	0.3984375869651332	0.3165962759264612	0.36031632660162555	0.17250446943774092	0.0872490532219086	0.08059168158171925	0.23281420383414242	0.8899513054325264	64.2066122481283	0.16600491201624992	1.5212315612623648	6.062878569856131	0.020751587338068436	6.568118450677472	0.5415430605250684
99	0.1616109063653542	18.3249918931184	0.39661955445866753	0.3160228539641337	0.3591129820258937	0.1718626137398824	0.08691370941959586	0.08012189466077732	0.23287280842091737	0.8885043615982907	64.12265130759988	0.1657769419704821	1.5174279718200814	6.054929772817698	0.020665898046469424	6.5595072538858386	0.5404072760879532
100	0.16135314374560072	18.43725971232294	0.3948254852267772	0.31545805788001724	0.35794804896579996	0.17122722993920306	0.08658918817787566	0.07966293094566573	0.2329287389360581	0.8870714684750467	64.03864709485757	0.16554942411316836	1.513729336702733	6.046977953565113	0.020582954696103686	6.5508927830288695	0.5392964484217732
