	s130	s137	s149	s153	s161	s166	s47	s48	s49	s50	s56	s60	s63	s64	s67	s71	s72	s75	s80	s81	s83	s84	s90	s91
0	0.0	0.0	0.0	0.0	0.0	0.0	0.0	0.0	0.0	0.0	0.0	0.0	0.0	0.0	0.0	0.0	0.0	0.0	0.0	0.0	0.0	0.0	0.0	0.0
1	0.0	0.006751378649214782	0.003056496544637149	0.00268052168033444	0.040412457250703054	0.8276543356030426	0.0027786284645262486	1.2377490574505464e-05	0.0	0.00025469579489561416	0.009931142769722642	0.00164941261114429	0.0026593980195655184	0.0	0.0043172542631903866	0.21725010751013946	0.33841168432626056	0.0027174419055753874	0.4472616476473889	0.00271922929936419	0.0011803615345241964	0.02654475351026107	0.001118079786816739	8.319240413998985e-05
2	0.0	0.035260204059516555	0.0046020899423427925	0.010157238486133209	0.04909093513258224	0.559970453535077	0.0026398770019044537	2.3642661631760703e-05	0.0	0.00048296526044203363	0.017907293076808564	0.012805880919026912	0.016243417694099854	0.0	0.00979392831164868	0.40480899795825076	0.4916793741417887	0.0049394107392384074	0.852261149929098	0.0049458429684022896	0.0021698135284206384	0.08208117755578875	0.008063288045461482	0.004450136247322091
3	0.0	0.05992630775690764	0.003201839378351402	0.011286590147471392	0.036423483091293805	0.2725425617380166	0.002474515706181885	3.765323040152102e-05	0.0	0.0007654087003572751	0.027577822260699825	0.04516719367206693	0.04917621606584381	0.0	0.017258465033008763	0.5507236426098091	0.5417381661270253	0.006755966095601926	0.9951902361518663	0.0067691871730591584	0.0033081700442447546	0.15828885603768034	0.026546423069342184	0.045525245962618505
4	0.0	0.06587361590210855	0.0017358967708082829	0.008941956593870225	0.026604822506907957	0.14987622660531627	0.0023733315813432307	5.2631888603591355e-05	0.0	0.001064632344716493	0.03707861660265073	0.09139348054126907	0.09629362927064793	0.0	0.022261858537790405	0.656579136355541	0.5442270890722923	0.008240617931136274	0.9934128082889309	0.008262417962845927	0.004174198302549988	0.2447594237638773	0.05062085259811597	0.16986093957998769
5	0.0	0.06537579074485048	0.0010530160610601402	0.0072202285847516555	0.02069776475637629	0.09816660146583045	0.0023144601614107116	6.530760472364138e-05	0.0	0.0013165004292759069	0.044547291446058214	0.14009537235713126	0.14929854400489834	0.0	0.025323328074561877	0.7377589863330769	0.5422601729935842	0.009453548250658318	0.9917883607018336	0.009485348844269057	0.0046169643931357005	0.33443584744173493	0.0640779428021596	0.3677844139125139
6	0.0	0.062707624758091	0.0007422427676670065	0.005968339223246569	0.016777189111570737	0.07079956872155856	0.0022516763606980077	7.601046631012503e-05	0.0	0.0015288411338649098	0.050612043462881166	0.18838396077997838	0.20443384468462317	0.0	0.028850650800202604	0.7978055005289617	0.5363847168857276	0.010444257837386743	0.9904011522930061	0.010486915334268791	0.005051343665905971	0.4223652805128029	0.06098071427352279	0.5849516424875686
7	0.0	0.059384258370059395	0.0006084574025246748	0.004993848338318207	0.01402199979507682	0.05427535411501748	0.002157594971204774	8.533716604438407e-05	0.0	0.0017136806916475855	0.05575486101263088	0.2351869398593086	0.2581876437353281	0.0	0.034686181197233594	0.8284538243986967	0.5171847587302544	0.011253392908698319	0.9891742140619625	0.011307199060200645	0.0057434086323914744	0.502367646782385	0.04589889193301089	0.7681715954151731
8	0.0	0.05603608727043921	0.0005802248780608488	0.004178731978928152	0.012033519756384422	0.04345561628415046	0.002007229331331906	9.38244226607302e-05	0.0	0.0018817952145264844	0.060360328134878405	0.2800110163463937	0.30525507503958704	0.0	0.04531299128301439	0.8112685918293605	0.4734684405997351	0.011914317600097693	0.9880341015624753	0.011979031211398313	0.0067752677798057215	0.5646521552354279	0.027734130764419947	0.891720882438664
9	0.0	0.05297915410588524	0.0006384991224851945	0.0034358056534307107	0.010586841075375919	0.0360018904980975	0.0017793359655398197	0.00010192709177711985	0.0	0.002042204208611255	0.06470634963700425	0.32263588633223034	0.3365389037223239	0.0	0.06498557181172367	0.7101969126654885	0.3922920112925527	0.012454426724521135	0.986917441291695	0.012529305368980921	0.008061875414590584	0.5929885114273297	0.013277854449214619	0.9589628527989024
10	0.0	0.050494242540126716	0.000790481899424466	0.0026915842922555643	0.009555016352231044	0.030768398789356794	0.0014778806208867973	0.00010990294609859243	0.0	0.0021999140681273283	0.06891800860850227	0.3629502172288161	0.3365818947271075	0.0	0.1004481846494452	0.4563203810256243	0.2637856921508798	0.012896171472524653	0.9857895313311116	0.012980049992606964	0.009394724232811439	0.5622901222281979	0.004827960824257804	0.9878023751586383
11	0.0	0.048871676112405074	0.0010963096705318355	0.0018218155482223628	0.008868809483234813	0.027152374025973043	0.0011251059352410553	0.0001177733779716357	0.0	0.002355278787817612	0.0729906012748633	0.400898801304096	0.2758841114384168	0.0	0.16619898419982912	0.0036007905632265175	0.09681804095931767	0.01325784478886395	0.984650136520997	0.013349303964671934	0.01063795735955217	0.44215385246329925	0.0012948185310782553	0.9971188831927594
12	0.0	0.047864884709351026	0.0013615104511739025	0.0010723922727072527	0.008396879233666136	0.024534949536354517	0.0008870630550249011	0.00012551449896402512	0.0	0.0025077802669498405	0.07689850570634071	0.4369763797665063	0.18901032124611666	0.0	0.24012058969122682	0.002045228910061219	0.06368128520569073	0.013554067827868227	0.9835050126755324	0.013651836101326267	0.011807682689448378	0.28064492106624145	0.00027190075606300896	0.9993485883796396
13	0.0	0.04763360183493883	0.0013849004129318243	0.0007379349524538351	0.008118433239731418	0.022729799848550933	0.0008133850048079045	0.00013286810766483228	0.0	0.0026523793573206933	0.08052404866806456	0.4710463744006798	0.14472493571680972	0.0	0.27175555102611193	0.0017653478210319234	0.05762281463575664	0.013795952627552243	0.9823969284023272	0.013899733648969317	0.012856906547551913	0.1633039054315827	7.333360346144868e-05	0.9997326517618746
14	0.0	0.04773092343186992	0.001320447720334793	0.0005775381993850644	0.007938075663084639	0.02135880778756018	0.0007935070237230687	0.0001399678923022077	0.0	0.0027918776089236952	0.08397717219769117	0.5034914507752539	0.12296185646404155	0.0	0.28127553232594066	0.001695371426459414	0.0556043262614229	0.013992969818289132	0.9813035470364194	0.014102890946046892	0.01381915283317378	0.09443630549928386	3.532388004992108e-05	0.999783496760394
15	0.0	0.047916655823943236	0.0012296012649183558	0.000489779867448659	0.007806799128278672	0.0202332668437635	0.0007946424420560104	0.0001469672720181975	0.0	0.0029292723006857256	0.08733233557256652	0.5345391720455469	0.1117475508474245	0.0	0.28068497363222994	0.001699126495408051	0.05507338686776306	0.014153143307751958	0.9802021803402415	0.014269413434115025	0.01473071742173244	0.05725497902349259	2.40414230938532e-05	0.9997611062940649
16	0.0	0.04808856189908308	0.0011352966441864733	0.0004341915548676705	0.007703248290761063	0.01926526276037943	0.000804884360265395	0.00015396960884501794	0.0	0.0030665806768689647	0.09063754690204896	0.5642976337993556	0.10538238932045026	0.0	0.2756861247942661	0.0017346724898186917	0.05515207288165534	0.014283118771719698	0.9790768524546349	0.014405940671730188	0.015623907888034694	0.037807312675724174	1.9308095602046677e-05	0.999709396102412
17	0.0	0.04820606110353023	0.0010457400066170317	0.000394021317584671	0.0076180967694525585	0.0184100259835898	0.0008192884157505235	0.00016105618747714397	0.0	0.003205385797560862	0.09392850513207401	0.5928206340373522	0.10125836757499078	0.0	0.26887902821258136	0.0017857023596816546	0.055484843353357835	0.014388359881094371	0.9779141177754727	0.014517911130506623	0.01652381013798388	0.027762692177855177	1.728098848702836e-05	0.9996405620598321
18	0.0	0.04825530701929311	0.0009634312116252906	0.00036204237125732	0.007547108193680343	0.01764200564886121	0.0008356490953177357	0.0001682975486201485	0.0	0.003347055508032414	0.09723389749379961	0.620139473539782	0.09819206773809541	0.0	0.26143504344248236	0.0018451140829299222	0.05591571712288823	0.014473343305560925	0.9767014008888693	0.014609779497781592	0.01744917451572721	0.02262778968640231	1.686129441583667e-05	0.9995608625798379
19	0.0	0.04823355528108364	0.000888696777670165	0.00033495630875621506	0.007488194426777436	0.016944783197535864	0.0008529276180921257	0.00017575922236519808	0.0	0.003492854404044597	0.1005783115628483	0.6462765862986277	0.09563996854359563	0.0	0.2538840967425978	0.001909584662078443	0.05637201595796624	0.014541729943977722	0.975426067017758	0.014685194799479512	0.018414901254907023	0.020057774887664682	1.7537144290526404e-05	0.9994747384997199
20	0.0	0.04814223813752079	0.0008210771433012617	0.0003111431607837083	0.007440223740139618	0.016306679354980133	0.0008706081837373275	0.0001835066227119366	0.0	0.003644039400910337	0.10398458839083231	0.6712503915592681	0.09334694656469929	0.0	0.24646724239953854	0.0019774650191427107	0.05681767892482808	0.014596509458699015	0.9740745257336407	0.014747146374404642	0.01943430548875008	0.018836765043401565	1.896855590960123e-05	0.9993855771904588
21	0.0	0.047983853134709036	0.000759869626701429	0.0002897323468584345	0.00740255304121762	0.015718718911332842	0.0008884189949453277	0.00019161011393116535	0.0	0.0038019578799255945	0.10747595983123764	0.6950763146925963	0.09119018162672908	0.0	0.23929322142445608	0.002047884991689078	0.057233293314579194	0.014640120099001362	0.9726312013338448	0.014798083522344246	0.020520922107202532	0.01833104857713208	2.090207157481409e-05	0.9992959528247441
22	0.0	0.047760495351303535	0.0007043371175364876	0.00027020491425548514	0.007374853862672797	0.015173600201399184	0.0009062057022701252	0.0002001506647632047	0.0	0.003968156352614501	0.11107813814747164	0.7177661409176072	0.08910880660863503	0.0	0.23240902393694185	0.0021203469476625404	0.05760707459908609	0.014674547047310537	0.9710772655536452	0.014840013608815978	0.021690071594037377	0.018206837325798326	2.314850775642148e-05	0.9992078164735854
23	0.0	0.04747307097684968	0.0006537828702616882	0.00025221580540045853	0.007357062371747951	0.014665110956635129	0.0009238714552441936	0.00020922675252208636	0.0	0.004144512334277635	0.1148216075839312	0.7393264619176659	0.0870713868419681	0.0	0.2258325088279767	0.0021945302676231963	0.0579305257950813	0.014701402540350905	0.9693889562676659	0.014874582555290996	0.022960494296990916	0.018285861432056294	2.5569407265420663e-05	0.9991226815467785
24	0.0	0.04712073762486231	0.0006075709851512111	0.0002355102905314431	0.007349391224355654	0.014187747579050577	0.0009413471795593441	0.00021896366076074882	0.0	0.004333411214781034	0.1187444971446835	0.7597562930036783	0.08506041032498664	0.0	0.21956795766184717	0.002270191015002407	0.05819613248000011	0.014721990597162041	0.9675351730358447	0.014903140957613152	0.024356412474217864	0.018471227865080965	2.8064107256418337e-05	0.9990417880721314
25	0.0	0.046700313845071825	0.0005651244372153558	0.0002198818233975194	0.007352386772289842	0.01373642033070231	0.0009585758803406171	0.00022952710790922936	0.0	0.004538004862675033	0.1228966231745611	0.7790435124368917	0.08306456960760061	0.0	0.21361380735117796	0.002347105154492944	0.058395893513358756	0.014737358596693614	0.9654738081863936	0.014926798526597937	0.02591052062804945	0.01870898894284903	3.055806115071602e-05	0.9989662366886344
26	0.0	0.046205445807317905	0.0005259130104732936	0.00020514817153950455	0.007367039331817116	0.01330617369306937	0.0009755032724442211	0.0002411446420151761	0.0	0.004762616903324893	0.12734569532458273	0.7971593085308318	0.08107461125433192	0.0	0.20796679669575302	0.0024250301696229857	0.0585200604891351	0.014748337254852101	0.9631458238070698	0.014946469130521356	0.027668742382907095	0.018967941705254558	3.2993368651418875e-05	0.9988970956800908
27	0.0	0.04562525716182139	0.0004894348468144684	0.00019113483072714956	0.007394976325199627	0.012891858833668652	0.0009920707471876883	0.0002541413004142711	0.0	0.005013417274690775	0.13218751754078914	0.8140490191240485	0.07908069534772372	0.0	0.20262458816529452	0.0025036706298633667	0.05855563885049622	0.014755569655861387	0.9604651569119645	0.01496290843354125	0.029698343910124863	0.01922878312086888	3.5321643048246775e-05	0.9988354917571594
28	0.0	0.044942005166209185	0.0004551903817870602	0.00017765942001419564	0.007438803433146961	0.012487671047711217	0.0010082079975534325	0.0002690027185913382	0.0	0.005299614317233228	0.1375638405337257	0.8296160755253703	0.0770701000152692	0.0	0.19758802888657398	0.0025826360058674087	0.058484134324115755	0.014759528635606277	0.9573004837425146	0.014976746025139676	0.03210270552658448	0.019478045382490653	3.749885436908575e-05	0.99878269965446
29	0.0	0.04412677890126773	0.00042264244721112695	0.00016451157064941208	0.007502732701300722	0.012086391625029343	0.0010238224569906248	0.0002864945464136668	0.0	0.005635706605236209	0.14369575819299119	0.8436919020285496	0.07502431900856342	0.0	0.1928639963040847	0.002661375509848126	0.05827765717269638	0.014760519285433265	0.9534399950019629	0.014988514137045803	0.03505020867932885	0.019704355784118582	3.948171209926947e-05	0.998740250848338
30	0.0	0.043131093547341626	0.0003911473267682819	0.00015142028296764493	0.007593810662341109	0.011677988118355312	0.0010387810421416967	0.00030790717196362466	0.0	0.006046087200730279	0.1509512209246184	0.8559748567589963	0.07291421986662869	0.0	0.188470144539869	0.002739061642845231	0.05789149964461493	0.014758657810556852	0.948517656591651	0.014998675924866528	0.038835729865468537	0.0198955271108965	4.122544378370741e-05	0.9987100925280105
31	0.0	0.04186915971657643	0.0003598202233882019	0.00013799250725252907	0.00772450970595004	0.011246741837863387	0.0010528741395551399	0.0003356094478081026	0.0	0.006575427361575632	0.1599950735703872	0.8658938496460573	0.07069049355462875	0.0	0.1844442796763026	0.0028143585121029268	0.057248650159650416	0.014753803992727112	0.9418427897239254	0.015007658956716222	0.04402599836067722	0.0200351747451352	4.268380565129459e-05	0.9986948520094416
32	0.0	0.04017687985521693	0.0003272419454149996	0.0001235851955523365	0.007918716760965588	0.010764700145723132	0.0010657370171515137	0.0003744709445886471	0.0	0.007315208916555327	0.1721644498947058	0.8722646036355676	0.06826231335440391	0.0	0.1808653292646463	0.0028849110923117533	0.05620408327421961	0.01474538379461583	0.9319543954986688	0.015015907756323006	0.05185159853646857	0.020096777525907664	4.381546202749512e-05	0.9986983133303898
33	0.0	0.037706973967809664	0.0002907590683915315	0.00010702194274277784	0.008226976744587548	0.010175104491025305	0.0010766614893111147	0.00043617758159493616	0.0	0.008483482498256622	0.19055893272011695	0.8722803723545988	0.06544337766743806	0.0	0.1779063050838268	0.0029460868798804373	0.05445270407921996	0.014731898955285585	0.9152613770058988	0.015023997870275876	0.06545466632069083	0.020029810883941516	4.4613482282628284e-05	0.9987263059079878
34	0.0	0.03364278762794998	0.0002448179977256653	8.601754517997874e-05	0.008767212391679916	0.009347749265618275	0.001084124851666647	0.0005555832098566605	0.0	0.010720980773758493	0.2238203188919474	0.857949860946906	0.06179732807559786	0.0	0.1759850981569744	0.002987527802384218	0.05126866173010058	0.014709331857257802	0.8810676833638332	0.015032975162006426	0.09471331198092811	0.019720114988991896	4.522638926738533e-05	0.9987882053092215
35	0.0	0.026084797897323528	0.00017903880178665353	5.7107939426793227e-05	0.009801647200671464	0.007986046824688883	0.0010850856848371334	0.0008729747687716877	0.0	0.016497162520803774	0.30133783846475126	0.8013127469834948	0.056175942320031896	0.0	0.1762043174835383	0.002983835744848779	0.04484452055922521	0.01466446088547458	0.7902491043963505	0.01504574444661716	0.17808067424256294	0.01885966497235841	4.640889807345493e-05	0.9988976343473209
36	0.0	0.013146784071541056	9.404716999313054e-05	2.3896381437322028e-05	0.011494306455573276	0.0058082940546878275	0.0010837646714387916	0.002187940284525946	0.0	0.037642038364814744	0.5254385745316321	0.6007259666589453	0.04596250322796213	0.0	0.18095341661493014	0.0028864625083784945	0.03258738853478684	0.014536803375843134	0.4902711509784066	0.015074997522453474	0.47112097816709686	0.01659045761211913	5.001938529604433e-05	0.9990629942359757
37	0.0	0.002054783047737134	4.148969667001353e-05	6.7458033998970985e-06	0.012676442469005036	0.0039664782043018374	0.001242819953345258	0.010834777482592529	0.0	0.115423026363054	0.9803086771802775	0.1588714680753997	0.03075826011788796	0.0	0.18921552421266616	0.002727786560708204	0.020400524735418764	0.013936528521148682	0.010132764110968882	0.015204396445979351	0.9897105231301282	0.012010879960350865	5.02455739336722e-05	0.9992647045981781
38	0.0	0.00041002580556800277	3.779847508131982e-05	4.534967073620935e-06	0.013402978105156416	0.0039944451662710465	0.0032794063567648324	0.07313157612044258	0.0	0.2425175001347593	1.0476075085679872	0.032042773665024504	0.02161355505166324	0.0	0.18018319989767154	0.002891690924888485	0.019274052258166793	0.010406280705148657	0.009183935186817715	0.016093193954336265	0.9906855084602849	0.008991040860478415	3.304336899309253e-05	0.9994309657187248
39	0.0	0.00030670305401202366	5.987686234472102e-05	7.512594118125994e-06	0.017687089247368185	0.006631310514043682	0.056839415676906785	0.2890742550503896	0.0	0.34490693204510176	0.7510627728217089	0.01302023279752569	0.01585288855552408	0.0	0.1264007749215407	0.00455852604039437	0.02583263495070985	0.002735656184806454	0.014406876089023257	0.020532918768078168	0.9853645356597037	0.009278625086500528	2.051021936259059e-05	0.9995343567382828
40	0.0	0.001865480752183866	0.0029491876279604395	0.0009907812503670392	0.036652773128598624	0.16604083763981953	0.9939485348852868	0.5900346212823782	0.0	0.3338927224144867	0.046291033161647704	0.002348024355862349	0.013883903399948076	0.0	0.04159697961715618	0.023007278343870053	0.11186942947244494	0.0005163858098073929	0.19973140015043134	0.031711875046537184	0.7967987446899004	0.015595030571480714	1.2425751147942295e-05	0.9961288960588187
41	0.0	0.0022453733721742777	0.0046674807510725565	0.005855445752806176	0.013410876424790644	0.8477307278040819	0.9969808939812065	0.7705976346033341	0.0	0.2590290109682111	0.0032482154133358764	0.0005343457951466773	0.0049963104153961605	0.0	0.005062462151361859	0.17021643252874916	0.31955399365208664	0.00036803908882750055	0.6951716332107631	0.047620166026512714	0.2910486493260138	0.03727811244954558	0.0015476113244243782	3.6939927291313817e-05
42	0.0	0.0030423262337484357	0.0037651452952269546	0.006655218768664044	0.011240416958014664	1.2650339677976916	0.997139152665355	0.7968209618517358	0.0	0.18300059236090296	0.0018302958556944025	0.00048437461140801014	0.0036112061882616047	0.0	0.0037138192390219304	0.3750267570817351	0.5334203122660539	0.00034877029962470806	0.9994870133261912	0.06336266750170812	0.0001913141081942396	0.08742572424805362	0.002044116931733691	3.568808996627236e-05
43	0.0	0.003327928606254136	0.004491902449821144	0.011669905334103902	0.011674996754437615	1.3597009486959946	0.9964972554925154	0.6816612048255375	0.0	0.10861912804293544	0.001767963322565183	0.0004930538929652854	0.0059819773188739146	0.0	0.004573078506402149	0.5766108625514981	0.7263188060510851	0.0003932692514164151	0.9997812877435284	0.07495490499584558	0.00016054251495738753	0.16740541393390035	0.004383194725032212	8.114140685540829e-05
44	0.0	0.004066875095663116	0.005219536137910957	0.021605417030999764	0.012814750562287786	1.2721400111133483	0.9933339762858672	0.4315350992942705	0.0	0.03926554205061965	0.002071516774097527	0.0006445569018312509	0.011940717329417242	0.0	0.0058685241344599015	0.7686279972245718	0.8991262171961171	0.0005538308452187348	0.9997502514094091	0.07940392391648328	0.0001794989780532148	0.2753444565697763	0.009090450076892303	0.0002021322689014541
45	0.0	0.006447035674202831	0.005659795840855456	0.0413738661911946	0.016279007646129093	1.0133600161084777	0.396966480609035	0.07828879768996788	0.0	0.0007580920387324457	0.003296141592099572	0.001285912753772547	0.03006406447095468	0.0	0.007988505730406353	0.9399756905991234	1.0416205826130112	0.0012282537989658211	0.9996169821859177	0.07461272543291388	0.00026453331412530916	0.4078035192805392	0.018452295925572286	0.0007551895142301435
46	0.0	0.02612418822470215	0.0028425600042908165	0.041562254283779375	0.029014126270671247	0.4005553350453499	0.002596323594230729	1.7378239138193008e-05	0.0	0.0003614033665465622	0.014921849104839879	0.013346745746580445	0.10468173051247838	0.0	0.011942862303350182	0.9945006822573741	1.0382909501306654	0.003602471235456534	0.998174485123221	0.06404814404945161	0.0010644992577011133	0.5509696792743312	0.05323769626047202	0.026931260253730632
47	0.0	0.03572690923472749	0.0009468391788713214	0.017807412172882616	0.02272896065918927	0.15234108001093138	0.0025152171550071947	4.133491701997725e-05	0.0	0.000841662707248573	0.03131652309753682	0.04896565627104832	0.20251760508008357	0.0	0.015258470461286163	0.992371625938349	0.8709605054595018	0.005662829913998996	0.9955867970435947	0.05515804031516913	0.0018810946750821636	0.6784762068037252	0.09894544088827513	0.2223999729433719
48	0.0	0.04145160528528146	0.000627549307036064	0.011751127180868477	0.018386152015879436	0.09619290440519708	0.0024368863528806866	5.7440557585114384e-05	0.0	0.0011604114910967538	0.04068597814397779	0.09128974290953834	0.27761400696765676	0.0	0.018875878221516307	0.9894834952666178	0.7567603281262855	0.007346481663315011	0.993785566198273	0.04787998745308007	0.0024192186729869187	0.7865721244927087	0.09430562283515746	0.5119764144753954
49	0.0	0.043943071297887645	0.0005208853205914755	0.008742164537928	0.015154906272299594	0.06910398837288667	0.0023343338861622942	6.915988623398363e-05	0.0	0.0013926955883042024	0.04725050265789932	0.13639694115395037	0.34456519654601364	0.0	0.024208615394481634	0.9837335778888231	0.6818783690060853	0.008722160581105955	0.9923608259599371	0.041921589916337966	0.003227220759171681	0.874298902207227	0.06428416118214095	0.7449392966031433
50	0.0	0.04446116626179919	0.0005108604978450933	0.0068055805362925315	0.012774294633317071	0.05301936428841132	0.0021773949609168873	7.874890998263904e-05	0.0	0.0015828132996064963	0.0524923159324742	0.18193084089987133	0.4028052787181212	0.0	0.0335796415619859	0.9674877705478182	0.6118490709889847	0.00984623048008664	0.9911152136883469	0.03704355209740906	0.004352609859423827	0.9365086396741475	0.03539260511752299	0.8861223300629668
51	0.0	0.04390045601035885	0.0005736763549218849	0.005383030979175171	0.011015150893736107	0.042469719403529706	0.001942103591606814	8.729110538191617e-05	0.0	0.001752182628711082	0.057104826462276395	0.22668011064733737	0.44762972370976506	0.0	0.05066746537091892	0.9116675445540153	0.523444256887009	0.01076492505953233	0.9899453311279274	0.03304999678882547	0.0056718118465319284	0.960635940960645	0.016087556162868742	0.9576276958311932
52	0.0	0.04290965059308483	0.0007076540228899621	0.004226288516957971	0.009720541962108371	0.035201031663447346	0.0016326158548883836	9.533390941805345e-05	0.0	0.001911539267803438	0.06139894170155361	0.2700083427639751	0.46851057471717344	0.0	0.08080033576072854	0.7442122602310143	0.3950571400306938	0.011516124251000773	0.9887986788431303	0.029780574730683778	0.0069866388566632385	0.922524658291607	0.005733979440357923	0.9876191389766754
53	0.0	0.0420465740214372	0.0009505260160578383	0.003156614315410766	0.008805074943629365	0.030159444840927106	0.0012724307044624048	0.00010307135584407716	0.0	0.0020646450167107564	0.06546993634860658	0.31151210944345475	0.44254778587181276	0.0	0.1344694814714717	0.35120162430598434	0.21717993926448861	0.012130753176650494	0.9876604472730245	0.027104012554347783	0.008173185703289298	0.7873078776205891	0.0015148260199075402	0.9972182732886884
54	0.0	0.0414230937154499	0.0014259350867032283	0.001908901984895039	0.008157271663067255	0.02654783271709322	0.0008819066771008658	0.00011063146688533217	0.0	0.0022141237763611244	0.06940928458082761	0.35125955285001115	0.3242161380503582	0.0	0.24233499167400038	0.002029689161122596	0.06750189137821815	0.01263405379105846	0.9865172932858141	0.024912836111671072	0.009338544280906734	0.5306495308533098	0.0002882866109905329	0.9995192344526961
55	0.0	0.041163684298701125	0.0016639468001096243	0.001113382152060032	0.007709629085525352	0.02394107924216861	0.0007078011782655708	0.00011800538321232581	0.0	0.0023595350248738645	0.07314870926604879	0.3892862550269639	0.2199035966475626	0.0	0.32878455497452275	0.0014202177547804086	0.052385119722606795	0.013045973972229648	0.9853801826106641	0.023119056393901747	0.010498735593566415	0.28530487461795034	5.0092449109138964e-05	0.9998929941561413
56	0.0	0.041445018969883334	0.0016749500961608468	0.0007442165750798513	0.0074464646203775756	0.022136068618666002	0.0006497426387346883	0.00012503723243396646	0.0	0.002498053283630281	0.07666413307973347	0.425358981649591	0.16340995259450475	0.0	0.36790823944720247	0.001250637589904471	0.04758109530807078	0.013382370058801728	0.984271628090581	0.02165062915321732	0.011553092465637786	0.1388554544104367	1.7775821304464578e-05	0.999934029785562
57	0.0	0.041978795109553727	0.0015940555998993828	0.0005704745862347408	0.007285471279739213	0.020786137567248588	0.0006350103933996258	0.00013186226150051518	0.0	0.0026323675183127517	0.08003252620486183	0.45976153893712796	0.1355726238425091	0.0	0.37895683279915326	0.0012096992520183561	0.04605748790828706	0.013656691201650924	0.9831748869485764	0.02044857064858204	0.012503360836809058	0.06791855413149427	1.0424826023684754e-05	0.9999286327830964
58	0.0	0.04257651252973316	0.00148325528244346	0.0004827010263127643	0.007178140623889286	0.01969950625947542	0.0006388156841888561	0.00013858375118949167	0.0	0.002764514990379319	0.08330763831688981	0.49270187634547635	0.12232785431428546	0.0	0.3760216449088091	0.0012200203966565284	0.04588365649122946	0.013880116026491938	0.9820766956845807	0.019464592285504286	0.013391409395066412	0.03647153194106067	7.48060223455995e-06	0.9999078139551987
59	0.0	0.04313635808826883	0.0013691443018601574	0.00043134082870858445	0.007099661689918148	0.018775698654402463	0.0006506695837153344	0.00014529373487806192	0.0	0.0028963051895936364	0.0865344143856682	0.5242996854697507	0.11562800681071736	0.0	0.36715023547934583	0.0012528095923354165	0.04626777481771012	0.014061854821962717	0.9809638693882212	0.01865916134171612	0.014256899882566086	0.02298091487018651	6.1755100693132425e-06	0.9998773106278618
60	0.0	0.04361586901914999	0.0012614664274166537	0.0003957076568524962	0.007038858582407456	0.01796381101215402	0.0006660315652489174	0.00015207170965706357	0.0	0.003029290375495883	0.08974805415219338	0.5546167473225839	0.11167363191283514	0.0	0.3561292675479448	0.0012961549597197903	0.046871818005814754	0.014209466381831973	0.979823958810287	0.017999913496952343	0.015126506320852303	0.01728842930120202	5.846090348046335e-06	0.9998400476984391
61	0.0	0.04400283170050345	0.0011629462396563776	0.00036748625885314485	0.006990852602535756	0.017236530830579157	0.0006829529829176	0.00015898378203646756	0.0	0.0031647534700089473	0.09297508890565201	0.583688530240465	0.10884090270970512	0.0	0.34456465479793313	0.0013450099444798943	0.04755200791799896	0.014329140655579211	0.978645581200082	0.01746035305513264	0.016017423130946878	0.014964051926193437	6.171314573435321e-06	0.9997982280697097
62	0.0	0.04429773766278324	0.001073702964508489	0.0003432982023288488	0.006953375989529891	0.01657735695188885	0.0007005938369659996	0.00016608675904890616	0.0	0.0033037911445288025	0.09623630493427536	0.6115407464329478	0.10646362186466661	0.0	0.33310294407510843	0.0013972155545848488	0.04824654752542122	0.014425940306177254	0.977417918605774	0.017018788829948638	0.01694189509363622	0.014110601403997418	6.928862086904166e-06	0.9997534600780353
63	0.0	0.044505439442171016	0.0009930072595526354	0.00032169084440488333	0.006925240299017598	0.01597498868846848	0.0007185816585330295	0.00017343371205518198	0.0	0.003447423454682677	0.09954968546491813	0.6381955123199956	0.10427144861384473	0.0	0.3219944832125683	0.001451835299764562	0.048927740844334704	0.01450400259472569	0.9761298933105068	0.01665746305867815	0.017910219290483927	0.013910513716161211	7.963629229800813e-06	0.9997068333957453
64	0.0	0.04463157803164329	0.0009199292937234851	0.0003019706622893357	0.006905755765850282	0.01542089463242218	0.0007367404414739374	0.00018107926495850358	0.0	0.0035966967435062235	0.10293278449188825	0.6636728051768425	0.10215429727850017	0.0	0.31132958286605883	0.0015084511029084201	0.04958195965717436	0.01456670605290596	0.9747692728283676	0.01636183836880304	0.018932586597514976	0.014005725540512916	9.174634136226273e-06	0.9996590666813129
65	0.0	0.04468112377738199	0.0008535600610872734	0.00028375455466090704	0.006894523602687683	0.014908197810476571	0.0007549767221827857	0.00018908447921429504	0.0	0.0037527778473443645	0.10640462951369549	0.6879901035476402	0.10006682028195334	0.0	0.30113425927606746	0.00156686351498124	0.05020128344935717	0.014616807167574662	0.9733217145186245	0.016120014130764568	0.020020353419749892	0.01423611333692652	1.0499455305730139e-05	0.9996106575955722
66	0.0	0.04465777057099855	0.0007930756124974618	0.00026679437555733213	0.006891370272754695	0.014431104096393147	0.0007732316389989967	0.00019752188855548124	0.0	0.003917050498395909	0.10998745014407782	0.7111612897165576	0.09798988146005058	0.0	0.29140885100403047	0.0016269621348830845	0.05077993890177673	0.014656552000043796	0.971769639115219	0.015922248745686606	0.021187160383670505	0.014528258043430749	1.1899982891568708e-05	0.9995619987126246
67	0.0	0.044563624508465724	0.0007377456397299292	0.0002509055211197304	0.006896340410930885	0.013984560854868471	0.0007914602276838807	0.0002064815274630878	0.0	0.004091230186680661	0.1137085702477475	0.7331950655731554	0.09591482732339447	0.0	0.2821437796135004	0.0016886676251645155	0.05131267988104533	0.014687766985032774	0.9700907447978444	0.015760568666909315	0.022450203657549496	0.014847377383458479	1.3351927821423481e-05	0.9995134567573879
68	0.0	0.04439892869120071	0.0006869233694695741	0.00023593560166247141	0.006909722796545487	0.013564014002708137	0.0008096221759200572	0.00021607910650172559	0.0	0.004277519469269941	0.11760285042700958	0.7540927526776575	0.09383686237278417	0.0	0.2733261788816413	0.0017519035361589607	0.051793912949576894	0.014711932377776947	0.9682558713159882	0.01562844849595609	0.02383196151667458	0.01517614831494222	1.4837962408512732e-05	0.9994654249594652
69	0.0	0.044161673958448576	0.000640029559030782	0.0002217486524272711	0.00693210759373139	0.013165200150094983	0.0008276769822000582	0.00022646809152076207	0.0	0.004478837040003716	0.12171621203952189	0.7738450813966882	0.09175204537927849	0.0	0.2649428877208452	0.0018165797773803279	0.05221704000725805	0.014730241066626798	0.9662257338185848	0.015520549326692456	0.025362793811624863	0.015505164002981955	1.6343481855468262e-05	0.9994183594465138
70	0.0	0.04384695509146955	0.0005965342090009398	0.00020821502662995235	0.006964487031650418	0.012783932452314774	0.0008455808608248215	0.00023785868474198064	0.0	0.004699177233691394	0.12611110540754739	0.7924272196643711	0.0896556556827218	0.0	0.2569820621991033	0.0018825791478916272	0.05257373339414181	0.014743644681422273	0.9639456687012758	0.015432504949309239	0.02708512326240728	0.01582849923524017	1.7854006387043027e-05	0.9993728086515666
71	0.0	0.04344586642341323	0.0005559356702590518	0.00019520244263178293	0.0070084276206763135	0.01241583716738142	0.0008632836095657556	0.0002505492865170815	0.0	0.004944205225183421	0.13087549158917797	0.8097906294605259	0.0875409213296547	0.0	0.2494344151188271	0.0019497417144802886	0.05285290258091873	0.01475288804654904	0.9613367522944666	0.015360747478886166	0.029060545492966938	0.01614152729294776	1.935351712855035e-05	0.999329443167608
72	0.0	0.04294355894129105	0.0005177341702893064	0.00018256518921180696	0.007066370600506239	0.012055974773385944	0.0008807243589596	0.00026498159292941104	0.0	0.0052222980364241105	0.13613843303753334	0.8258489413449279	0.0853975147163116	0.0	0.24229467449230577	0.0020178419060218927	0.05303901302309452	0.014758531767983658	0.9582799486717859	0.015302365737858876	0.03138263760149838	0.016439686832013252	2.0823275116081602e-05	0.9992890935856895
73	0.0	0.0423156890124089	0.0004813931097375359	0.0001701279622192686	0.007142178334602359	0.01169821973843465	0.0008978244830247759	0.00028184333477035796	0.0	0.005546482594989203	0.1420988712194267	0.8404518519123317	0.08320920457937236	0.0	0.2355638645169227	0.0020865502870524234	0.05310911832480913	0.01476096054944961	0.9545859593003655	0.015254991405784657	0.034201619429662045	0.016717539373343075	2.2240868134799085e-05	0.9992528064689705
74	0.0	0.041521561109229256	0.0004462737665070399	0.00015765802238708427	0.007242187164990477	0.011334128133849632	0.0009144748162309474	0.00030227487212920235	0.0	0.005938324715175499	0.14908277102958414	0.853333155215203	0.08094961238770872	0.0	0.2292534439652409	0.002155363895301012	0.053027224777870356	0.014760370237174627	0.9499333149807447	0.01521670986422041	0.037775804121983156	0.016967658329769715	2.357942339630494e-05	0.9992219355303886
75	0.0	0.040489899861374044	0.0004115102158372423	0.00014481206543593442	0.007377390567619886	0.010950651608808324	0.0009305103045046387	0.00032832543737396075	0.0	0.006436491815377399	0.15766724043769315	0.8639973998110929	0.07857373249664674	0.0	0.22339360269759745	0.0022234683236351535	0.05273269242939184	0.014756715351912645	0.9437287118021412	0.015185995808670166	0.04259014544825702	0.017178766806448552	2.4807316681301104e-05	0.9991983005734237
76	0.0	0.03908658311216229	0.0003757413058861921	0.0001310256462296612	0.007568386184200196	0.01052502591178034	0.0009456557661218685	0.0003640886061729316	0.0	0.007117964575257789	0.16898217107093688	0.8714427705575934	0.07599922371486267	0.0	0.21805160054695577	0.0022894380543483504	0.052113977620390564	0.01474956725247078	0.9347526626887506	0.01516168086499768	0.049665732976388245	0.01733188291748617	2.589000951573057e-05	0.9991844806729813
77	0.0	0.03703363609009184	0.00033647823328585686	0.00011526683570094894	0.00785774885760616	0.010012061336304851	0.0009593979362426233	0.0004190065215404203	0.0	0.008159265219844187	0.18555486358527779	0.8733780751317314	0.07306015717279847	0.0	0.2133770991816981	0.00235051065692086	0.05094223036292278	0.014737728891078373	0.9201181251689495	0.015142982434549885	0.06150581838249898	0.01739100886351543	2.6800772008016475e-05	0.9991843778584225
78	0.0	0.03368783346739575	0.00028855677316041685	9.549843350916731e-05	0.008343335380309949	0.00930977626062207	0.0009706672133875264	0.0005197114004851633	0.0	0.01005224035866776	0.21412024607205532	0.8635794765729785	0.06937724995490895	0.0	0.20972878024482738	0.002400613699551996	0.04868416240893837	0.014718034879826754	0.8916172516328573	0.015129709399653269	0.08559349422543513	0.01727688194133955	2.756891310517148e-05	0.9992042706125913
79	0.0	0.027493812209094606	0.000221478479936785	6.811862729028324e-05	0.00925463136743722	0.008176188315266222	0.0009772315091004058	0.0007656741362999019	0.0	0.014574020880922741	0.2766692774275365	0.8212305521545279	0.06396240923033318	0.0	0.20805343843204302	0.002424729157299614	0.04398070965766254	0.014680634553424932	0.8204771640288401	0.015123200903766398	0.14984754443679998	0.016781423827873104	2.8479683091322113e-05	0.9992540471010315
80	0.0	0.016091913277254746	0.00012836895280082155	3.3115631425917524e-05	0.010876079255610327	0.006253932503769074	0.0009791725164576776	0.0016817446854837405	0.0	0.030006462014527106	0.45218872417820616	0.6687122096185678	0.05432789570417841	0.0	0.21066284743932515	0.0023890659907264866	0.03421377702939529	0.014583918901077091	0.5929290750152076	0.015131500176617758	0.36973363698365574	0.015303483818592853	3.0541949844235496e-05	0.9993434988547714
81	0.0	0.003379828880261538	5.3733806305045465e-05	9.38258495223092e-06	0.012416785598663622	0.004159177123406752	0.0010538771052079343	0.007136951785698849	0.0	0.09061416029901281	0.8954542890681977	0.24368750013430454	0.03819381873305781	0.0	0.21877580461789467	0.002282106796094327	0.0214438408326417	0.014178558324959728	0.013995227857505661	0.015206873828908304	0.9817629648936735	0.01180277598749964	3.2815341919582305e-05	0.9994659091150846
82	0.0	0.0005282653371056795	4.232718242459339e-05	5.142568849505184e-06	0.01299379133776208	0.003846902125264141	0.0021400806469009334	0.048526542814371486	0.0	0.21368021160443104	1.0638443181458603	0.04324318457894754	0.026051263884671844	0.0	0.2144566919749982	0.0023336725399201058	0.018565808846407295	0.011734319302901803	0.009008337225308881	0.015771395066928855	0.9908645372110115	0.008639101590305846	2.40542482904303e-05	0.9995815229497793
83	0.0	0.0002858902342889534	5.665647376179588e-05	6.639960177669573e-06	0.01586601034450624	0.005439127137205856	0.015727840133821086	0.2262050891618238	0.0	0.32767039978158025	0.8540989152026919	0.015386444111209213	0.01933572111918382	0.0	0.16502855376434566	0.003211586764042179	0.022638419629338897	0.004194715804476955	0.012075844104301691	0.01904553422056409	0.9877426014303111	0.008405617545486613	1.551697128635232e-05	0.9996581076274621
84	0.0	0.001119495134810838	0.0011119613755756225	0.00024231448117972132	0.03790481878563632	0.06479095788450813	0.9905334117585997	0.5310882258263685	0.0	0.3519286145237381	0.1286664267874211	0.0037939918675859914	0.015216704494468856	0.0	0.06998396068830702	0.01052085029124716	0.07117042239806548	0.000630050510594876	0.10083808894224086	0.02866289005212145	0.8972986546988999	0.012481551308248183	6.874687105069088e-06	0.9995610580482682
85	0.0	0.002152784350682933	0.005860577708933866	0.0057437238313280395	0.01536021630483068	0.6666067229239718	0.996810882622179	0.7545845452213128	0.0	0.2807230552932552	0.00472614544832417	0.0006527871015407139	0.007207416446678285	0.0	0.008176173029719737	0.11240908578449496	0.25571411890693224	0.0003785089153599889	0.5653240871940948	0.04411608954556503	0.42446953988596353	0.027909423604493933	0.0013539712737894536	0.0002997703864122582
86	0.0	0.002862417455638692	0.0036330975266873552	0.005899561113503117	0.01126870435588396	1.1947026978792754	0.9972468725906745	0.8214495051677302	0.0	0.20448716450813892	0.0019426137246632165	0.0004826011958593983	0.0033514828915919143	0.0	0.003565331667062938	0.31396454081562264	0.4730796383822609	0.00034077578205777393	0.9903439398988354	0.060640986405328556	0.0022849038787524445	0.06905443607727287	0.0016665274490438864	2.905953481539968e-05
87	0.0	0.0031700191811796013	0.004220652896776617	0.009588993277904885	0.01140570499153099	1.362560871790503	0.9968734043256386	0.7442146385112967	0.0	0.12945867171499909	0.0017241852136409045	0.0004686003264085495	0.0049009709691737735	0.0	0.0042290880287373525	0.5177672606176118	0.6717786159945359	0.00036601854166510786	0.9997851942054805	0.07392898481194031	0.0001582426350334834	0.14035154040453526	0.0034380495766244564	6.167870758848195e-05
88	0.0	0.0037293337714305007	0.0049763553882867465	0.017669939944231636	0.012328288208875335	1.3198529226693283	0.9950889195115814	0.5312419687401086	0.0	0.05793090352420067	0.0019218107569440286	0.0005694808696372858	0.009384679269664312	0.0	0.0053913703309483195	0.7133909099075328	0.8509813985127496	0.0004759707821662691	0.9997685017657659	0.08079403121708317	0.00016780773740969465	0.24032019377920583	0.007300774508355885	0.0001495127015954333
89	0.0	0.005067254429132878	0.005579343808195004	0.03365959730555028	0.014128525742004924	1.1238640510352387	0.9635980885154091	0.19704434724529912	0.0	0.0044307797635891885	0.0025829733318269393	0.0009102407751307159	0.02152795687336207	0.0	0.007141963993204563	0.893823916171786	1.0056710455760067	0.0008715236701919894	0.9996914927487466	0.07883674003412494	0.00021554965322867942	0.36617367691264924	0.014689516633676278	0.00044072674131362074
90	0.0	0.019941615845490576	0.004110450938129958	0.04932055511215803	0.02844610906897276	0.595736964999764	0.0026301971380718416	1.1450128761225956e-05	0.0	0.00023843045261096445	0.009793095696006405	0.006812861933548879	0.07230651913903291	0.0	0.010590823462889679	0.9948081830700696	1.070696648515206	0.0028412905635025625	0.9988460739227717	0.06864258437672768	0.0007299497925709582	0.5095191003665249	0.0380550676419856	0.008738723970670643
91	0.0	0.033164371838549485	0.0012051379596106704	0.022123538737896832	0.024565995972912123	0.1896285570530966	0.0025395806827450984	3.424398070900207e-05	0.0	0.0007014992995998146	0.027042563682090293	0.036304956935876445	0.17530606628837467	0.0	0.014220224933055315	0.9930852042824343	0.9242829836077114	0.0050406877083166565	0.9963514414650008	0.058919442192227674	0.0016905140270026342	0.6432234088809494	0.08938803970159205	0.1392228776127487
92	0.0	0.03998058879522781	0.0006920838218036251	0.013166296029389813	0.01963751759364063	0.10928787739846493	0.0024640551710518187	5.2914117165074126e-05	0.0	0.0010707164006056558	0.03808811264494401	0.07716520786510006	0.25476510499827165	0.0	0.017572346445186005	0.9906088297189743	0.7871787398503067	0.006838115384884819	0.9943289653199657	0.0509594122867112	0.0022153817817430785	0.7573278212669958	0.10051358293047014	0.42126170953325537
93	0.0	0.04338327591463454	0.0005416453411604621	0.009553896121420623	0.016085716393295302	0.07617661789197906	0.0023721435435541515	6.568403161632218e-05	0.0	0.0013237933247821493	0.045326082014392054	0.12168929930713202	0.32412508377995797	0.0	0.022167499931698323	0.9861795166834616	0.7043584026743913	0.008306788528387213	0.9928157057612336	0.044442703005151504	0.002921326715886549	0.8517110664548412	0.07467877828442325	0.6810107045913779
94	0.0	0.044425882556702254	0.0005052332920930127	0.007358115890581636	0.01345962027749606	0.05741955052010276	0.002235851267469715	7.580590269284332e-05	0.0	0.0015244564902032584	0.050892158559078915	0.16725849867404693	0.3854720097426854	0.0	0.02991741614046411	0.9749431715479093	0.6354233924363548	0.009506812678319184	0.9915272343237225	0.039107578732575886	0.0039523035081876655	0.9227981412536931	0.0436891189362959	0.850269456017823
95	0.0	0.04414021784999215	0.0005458559043538425	0.005804818414088752	0.011522456468891527	0.04543044278460753	0.002026858653986676	8.460169887044987e-05	0.0	0.0016988631548339992	0.05565747775633901	0.21234630771927965	0.43539136373233417	0.0	0.044041003979624065	0.9374448649145309	0.5553467789258908	0.010487484957688724	0.9903406787884068	0.034739802852620474	0.005228204712745009	0.9608707936848122	0.021166312428779054	0.9405838062302434
96	0.0	0.0432264464151965	0.0006558703201491395	0.0045812154698459335	0.010090696609155686	0.0372583854669925	0.0017386857128083143	9.276783959713162e-05	0.0	0.0018607142245494876	0.06003473683704422	0.2561853363023447	0.4656439747158337	0.0	0.06925330015305026	0.8164000927541539	0.44173488131193256	0.01128922195861636	0.9891890592221613	0.031163999688988562	0.0065631531352633105	0.9457980322557501	0.00822200363070787	0.9811230149658947
97	0.0	0.04227486612626549	0.0008533063177227549	0.0035079460448918156	0.009060692367124165	0.03158260004983078	0.0013939260901899132	0.00010059108525729156	0.0	0.0020155857985819352	0.06417066635874082	0.29830905160807847	0.458755733598592	0.0	0.11325370455764538	0.5115089499625233	0.2797367444399731	0.011945059027240685	0.9880477849298192	0.028236596587696033	0.007789575617114411	0.8456222226908401	0.0023990856089262875	0.9953911411489821
98	0.0	0.04164678260912687	0.0012632195589892085	0.002316490354672707	0.008352532588357367	0.027628180821101488	0.0009957248415438532	0.00010817298968232782	0.0	0.002165521584462533	0.06813130193402347	0.33853085256964555	0.3704454389912203	0.0	0.20216378007011473	0.002538077914770695	0.085469471109615	0.012481950660624245	0.986909747499615	0.025840050670921377	0.00894043371825546	0.6228859321942585	0.0005118315072081226	0.9991309061081192
99	0.0	0.041165042414259195	0.0016217515933786863	0.0013074896360971576	0.00782683994937074	0.024669822906214233	0.000744640116362243	0.00011564978337863589	0.0	0.0023131042325975396	0.0719605282105123	0.37722186878183495	0.24749275578760443	0.0	0.3071203966205754	0.001535557267832372	0.05536983788075062	0.012921595865291801	0.9857621996504344	0.02387812980829691	0.010120062224208689	0.3549926203699808	8.31498025943572e-05	0.9998443801285909
100	0.0	0.04130892591358901	0.0016859923163950448	0.0008345551609303216	0.007515095427922795	0.022654151367425247	0.0006617089458760764	0.00012277341628271556	0.0	0.002453471837449939	0.07553661684288895	0.41389437934331225	0.17777666406767398	0.0	0.3592850518272191	0.0012844571539399308	0.04861387270759514	0.013280858212336046	0.9846455139179491	0.022272043250757528	0.01121231245314632	0.17616977852472143	2.2925407183952342e-05	0.9999297237498684
